STAID,BAS_COMPACTNESS,LAT_CENT,LONG_CENT
15012000,1.97,55.405633,-130.806251
15019990,2.46,56.169567,-131.453346
15022000,1.00,56.348404,-131.656739
15026000,1.63,57.025994,-132.682869
15048000,2.06,58.274336,-134.283225
15050000,2.32,58.310479,-134.343966
15051010,3.11,58.339131,-134.400472
15052000,2.76,58.394203,-134.368461
15055500,1.63,58.851099,-134.632221
15056210,1.85,59.630274,-135.412874
15072000,1.27,55.496792,-131.174613
15081497,2.25,55.741387,-133.048649
15085100,1.81,55.372585,-132.427293
15087080,3.34,56.271704,-132.160937
15087690,3.37,57.085375,-135.266322
15088000,1.66,57.081035,-135.111971
15101490,2.41,58.082418,-134.587955
15106920,3.51,57.634662,-135.162600
15106980,1.40,57.625567,-135.237448
15108000,2.11,57.840989,-135.134380
15109000,2.14,58.292408,-134.553081
15129500,2.32,59.633935,-139.426145
15129600,1.79,59.541823,-139.704880
15200000,1.11,62.854248,-145.220644
15200280,0.89,62.700476,-146.022877
15202000,0.61,61.934855,-146.532255
15208000,1.51,61.457170,-145.475333
15215990,2.83,60.514889,-145.780783
15216000,1.32,60.638442,-145.518771
15226000,2.46,61.018377,-146.276783
15236900,2.37,60.403536,-148.915294
15237730,2.38,60.235315,-149.369869
15238600,2.98,60.064929,-149.512415
15238820,2.45,59.418545,-151.571691
15239000,1.43,59.718661,-150.683785
15239050,2.36,59.779398,-150.699624
15239060,1.96,59.790317,-150.760188
15241600,1.48,60.092139,-151.352543
15242000,1.10,60.110181,-150.654953
15248000,1.92,60.524548,-149.188227
15258000,1.80,60.436472,-149.316536
15261000,1.36,60.397906,-149.793428
15266110,1.00,60.394553,-149.673871
15266300,1.18,60.410079,-150.004637
15271000,2.60,60.698805,-149.348688
15272380,1.96,60.946993,-148.788414
15273045,1.26,61.073614,-149.688567
15274000,1.35,61.106420,-149.622221
15276000,1.48,61.145104,-149.446687
15282000,1.18,61.958196,-147.681962
15283700,1.96,61.791744,-149.012099
15284000,1.60,61.807610,-148.064377
15290000,2.56,61.796544,-149.176838
15291000,1.24,63.375519,-147.214462
15291200,1.25,63.253575,-146.578923
15292000,1.12,62.840279,-147.618747
15292700,2.12,62.394132,-149.061960
15294005,1.84,61.811284,-149.521631
15294300,0.69,61.798272,-152.265333
15296000,1.23,57.579644,-153.251395
15297200,1.69,57.569598,-152.396232
15297610,1.93,55.118350,-162.749400
15300250,1.43,59.873916,-155.170535
15300300,1.37,59.839606,-153.639698
15302000,1.08,60.128764,-158.854646
15302200,2.23,59.828840,-155.385005
15302250,1.62,59.919773,-155.468422
15477740,1.63,64.457600,-144.233980
15478040,2.06,63.274517,-145.426695
15484000,0.89,64.708683,-145.261704
15493000,0.87,65.017314,-145.836063
15511000,1.56,65.051800,-146.924777
15515060,1.28,63.970978,-148.716369
15515080,1.52,63.994183,-148.799732
15516000,0.93,63.350232,-148.128703
15518000,0.98,63.467742,-148.385687
15564879,1.57,67.252325,-149.943064
15564900,1.10,67.052640,-151.914447
15743850,1.96,66.988044,-156.873882
15747000,1.12,68.092855,-163.190655
15803000,0.98,69.744714,-157.760246
15820000,1.03,69.371730,-154.911997
15860000,0.80,70.046446,-153.272948
15861000,0.96,69.927952,-152.535026
15896000,0.97,69.412747,-149.607798
15904800,1.63,68.165228,-149.459585
15908000,0.77,68.503635,-148.633644
16010000,1.93,22.142072,-159.600152
16013000,2.10,22.118827,-159.582989
16019000,2.24,22.081192,-159.550562
16031000,2.26,22.081771,-159.619477
16036000,1.77,22.035741,-159.574649
16049000,2.93,22.000257,-159.532588
16060000,2.29,22.029733,-159.453979
16063000,2.32,22.071380,-159.466694
16068000,2.82,22.091528,-159.430672
16071000,1.47,22.074371,-159.435449
16071500,2.93,22.085440,-159.402217
16080000,2.57,22.105276,-159.399136
16089000,1.86,22.147261,-159.381226
16097500,2.42,22.161851,-159.415158
16103000,2.43,22.125722,-159.471708
16108000,2.42,22.104039,-159.529199
16200000,2.03,21.513527,-157.926332
16208000,1.17,21.499558,-157.944675
16211000,1.16,21.526856,-157.951943
16211600,2.24,21.508948,-158.169745
16212601,1.73,21.477168,-158.082924
16212800,1.94,21.478492,-157.921392
16213000,1.38,21.461393,-158.017106
16216000,2.21,21.440805,-157.939941
16224500,0.77,21.406241,-157.890964
16226000,2.29,21.405661,-157.862750
16226200,1.82,21.403097,-157.867566
16226400,1.50,21.400192,-157.872838
16228000,2.80,21.388425,-157.846967
16229000,3.61,21.370803,-157.827672
16229300,2.54,21.362314,-157.840859
16232000,3.80,21.355920,-157.807771
16238500,2.55,21.340814,-157.800954
16240500,3.30,21.334568,-157.790787
16242500,2.39,21.325382,-157.800637
16244000,2.47,21.322740,-157.781729
16246000,1.90,21.319949,-157.773837
16247000,2.36,21.312770,-157.784497
16254000,2.81,21.346201,-157.759913
16272200,2.45,21.381446,-157.801585
16275000,3.29,21.404755,-157.830277
16283200,3.63,21.434571,-157.853477
16284000,3.47,21.444176,-157.866185
16284200,3.31,21.444344,-157.865960
16294100,2.49,21.477558,-157.874237
16294900,3.33,21.502041,-157.879974
16295300,3.40,21.511752,-157.864196
16296500,3.00,21.522645,-157.897909
16303000,3.00,21.542165,-157.908172
16304200,1.69,21.570399,-157.917991
16325000,1.59,21.606278,-157.982890
16330000,1.85,21.611325,-157.999454
16345000,0.97,21.555872,-157.956457
16400000,2.72,21.145110,-156.787403
16404200,3.14,21.131792,-156.891844
16405500,3.31,21.132674,-156.909138
16408000,2.72,21.140588,-156.915815
16414000,1.36,21.123396,-156.958271
16414200,1.25,21.121603,-156.963050
16415000,2.40,21.112581,-156.895395
16415600,2.08,21.100646,-156.925693
16419500,1.54,21.140194,-156.754983
16501000,1.93,20.713044,-156.097810
16501200,1.74,20.706716,-156.091062
16508000,1.36,20.760031,-156.130280
16518000,1.23,20.771477,-156.164267
16521300,0.53,20.805545,-156.161403
16545000,1.04,20.825868,-156.212068
16570000,0.94,20.830461,-156.227731
16585000,1.07,20.856000,-156.246875
16587000,1.80,20.871527,-156.253134
16604500,3.42,20.879149,-156.564586
16614000,2.92,20.915392,-156.562355
16618000,1.88,20.949317,-156.567491
16620000,1.77,20.926667,-156.585527
16638500,1.61,20.894318,-156.624710
16681000,2.20,20.577872,-156.564912
16682000,2.01,20.575120,-156.584420
16700000,0.77,19.598801,-155.300065
16704000,1.90,19.694379,-155.378851
16717000,1.02,19.782925,-155.238817
16720000,2.60,20.089651,-155.699694
16720300,1.95,20.081031,-155.689345
16725000,2.49,20.074341,-155.685100
16756100,1.52,20.068484,-155.697806
16757000,2.74,20.060715,-155.673319
16758000,2.22,20.056192,-155.670398
16759000,2.31,20.045278,-155.653336
16759800,0.53,19.408384,-155.813858
16764000,1.72,19.187155,-155.609893
16770500,0.84,19.229531,-155.504649
50010500,2.92,18.281470,-66.863312
50014800,1.33,18.307004,-66.822368
50021700,2.00,18.173343,-66.721697
50024950,1.62,18.209943,-66.713450
50025155,2.49,18.186538,-66.553370
50026025,2.18,18.196112,-66.597314
50026200,1.82,18.211093,-66.608675
50027000,2.44,18.281615,-66.585204
50028000,1.61,18.247804,-66.780174
50028400,0.38,18.268727,-66.773492
50029000,1.21,18.257214,-66.674727
50031200,1.93,18.240414,-66.355143
50034000,1.83,18.198689,-66.433670
50035000,1.80,18.236445,-66.419162
50038100,0.85,18.254513,-66.436414
50038320,2.88,18.316469,-66.330408
50039500,1.40,18.350891,-66.354455
50043000,2.08,18.115240,-66.138261
50043800,1.24,18.142254,-66.201163
50044810,2.06,18.281508,-66.249187
50045010,1.09,18.184971,-66.205816
50046000,0.98,18.210046,-66.211737
50047535,2.41,18.164617,-66.114154
50047560,1.49,18.179076,-66.133919
50047850,1.01,18.248503,-66.144872
50048690,2.61,18.336872,-66.042506
50048770,2.76,18.338485,-66.058768
50049100,1.82,18.358583,-66.056914
50050900,2.25,18.098885,-65.995648
50051310,2.02,18.119717,-65.948794
50051800,1.91,18.133410,-65.981499
50053025,3.09,18.138690,-66.045603
50055000,2.14,18.161580,-66.006674
50055380,0.98,18.258964,-66.086823
50055750,2.18,18.224265,-65.851790
50056400,1.80,18.175096,-65.906490
50057000,2.07,18.216737,-65.892909
50058350,1.73,18.290910,-66.069327
50059050,1.60,18.206245,-65.984829
50059210,2.31,18.314385,-65.981757
50061800,2.35,18.283762,-65.867471
50063440,2.98,18.313843,-65.805618
50063800,2.68,18.322286,-65.813599
50064200,2.28,18.303933,-65.837244
50065500,2.97,18.305867,-65.768286
50067000,2.92,18.311170,-65.733292
50070900,1.59,18.271569,-65.726118
50071000,2.22,18.277045,-65.718525
50075000,3.53,18.284693,-65.786712
50076000,3.03,18.262865,-65.791150
50081000,1.47,18.140542,-65.886258
50085100,1.53,18.075932,-65.935856
50090500,2.17,18.039681,-65.962480
50092000,2.58,18.067109,-66.047147
50093120,1.99,18.058824,-66.036329
50100200,2.14,18.080267,-66.225460
50100450,2.45,18.055377,-66.172849
50106100,1.58,18.106921,-66.320584
50108000,2.03,18.085771,-66.421442
50110900,1.99,18.145924,-66.422009
50111500,2.18,18.123000,-66.468041
50112500,2.04,18.129131,-66.573474
50113800,1.43,18.141669,-66.622629
50114000,1.35,18.127371,-66.611541
50114900,2.13,18.127202,-66.661643
50115000,1.35,18.120785,-66.657984
50115900,1.19,18.091646,-66.639219
50124200,2.29,18.087597,-66.794746
50126150,1.72,18.104880,-66.859282
50131990,1.84,18.096526,-66.965392
50136400,1.80,18.180133,-67.018635
50138000,1.75,18.119068,-67.035660
50141000,2.65,18.174733,-66.782644
50144000,1.72,18.212007,-66.902481
50145395,1.69,18.235707,-67.038116
50147800,1.29,18.337881,-67.008252
50148890,1.16,18.344367,-67.037737
