STAID,DEVNLCD01,FORESTNLCD01,PLANTNLCD01,WATERNLCD01,SNOWICENLCD01,DEVOPENNLCD01,DEVLOWNLCD01,DEVMEDNLCD01,DEVHINLCD01,BARRENNLCD01,DECIDNLCD01,EVERGRNLCD01,MIXEDFORNLCD01,DWARFNLCD01,SHRUBNLCD01,GRASSNLCD01,SEDGENLCD01,MOSSNLCD01,PASTURENLCD06,CROPSNLCD06,WOODYWETNLCD06,EMERGWETNLCD06
15012000,0.00,66.37,0.00,6.08,0.88,0.00,0.00,0.00,0.00,0.50,1.77,60.91,3.70,1.42,24.65,0.00,0.00,0.00,0.00,0.00,0.08,0.00
15019990,0.00,18.44,0.00,4.68,20.19,0.00,0.00,0.00,0.00,3.68,2.08,11.93,4.43,6.39,46.55,0.00,0.00,0.00,0.00,0.00,0.07,0.00
15022000,0.00,35.48,0.00,0.82,22.25,0.00,0.00,0.00,0.00,6.29,1.63,27.28,6.57,6.91,28.13,0.00,0.00,0.00,0.00,0.00,0.11,0.01
15026000,0.00,21.71,0.00,4.08,23.81,0.00,0.00,0.00,0.00,11.96,1.07,16.63,4.00,4.88,33.31,0.00,0.00,0.00,0.00,0.00,0.24,0.00
15048000,0.65,5.80,0.00,0.03,8.11,0.00,0.65,0.00,0.00,1.23,4.08,0.00,1.71,9.87,74.30,0.00,0.00,0.00,0.00,0.00,0.00,0.00
15050000,0.19,13.43,0.00,0.00,17.88,0.00,0.19,0.00,0.00,3.96,2.14,7.78,3.52,8.70,55.80,0.00,0.00,0.00,0.00,0.00,0.05,0.00
15051010,0.00,34.47,0.00,2.48,9.79,0.00,0.00,0.00,0.00,3.75,2.08,25.94,6.45,7.65,41.76,0.00,0.00,0.00,0.00,0.00,0.10,0.00
15052000,0.00,3.54,0.00,0.39,60.51,0.00,0.00,0.00,0.00,12.71,0.30,2.55,0.69,4.07,18.76,0.00,0.00,0.00,0.00,0.00,0.00,0.02
15055500,0.00,11.02,0.00,4.54,33.63,0.00,0.00,0.00,0.00,22.97,0.88,8.00,2.14,5.06,22.67,0.00,0.00,0.00,0.00,0.00,0.12,0.00
15056210,0.04,21.16,0.00,0.43,34.87,0.00,0.04,0.00,0.00,18.58,0.90,16.21,4.04,3.04,19.12,0.00,0.00,0.00,0.00,0.00,0.04,0.00
15072000,0.00,61.51,0.00,10.17,0.92,0.00,0.00,0.00,0.00,0.91,1.32,49.47,10.73,3.58,22.31,0.00,0.00,0.00,0.00,0.00,0.61,0.00
15081497,0.32,76.81,0.00,0.14,0.00,0.00,0.32,0.00,0.00,0.01,2.51,56.11,18.19,0.14,20.90,0.00,0.00,0.00,0.00,0.00,1.68,0.00
15085100,0.00,91.68,0.00,3.33,0.19,0.00,0.00,0.00,0.00,0.06,0.05,85.21,6.42,0.26,3.96,0.00,0.00,0.00,0.00,0.00,0.51,0.00
15087080,0.00,75.26,0.00,1.57,0.00,0.00,0.00,0.00,0.00,0.25,2.15,51.23,21.88,1.25,19.31,0.00,0.00,0.00,0.00,0.00,2.38,0.00
15087690,0.00,69.09,0.00,0.00,1.13,0.00,0.00,0.00,0.00,0.59,1.83,64.44,2.82,3.03,25.98,0.00,0.00,0.00,0.00,0.00,0.17,0.00
15088000,0.13,23.44,0.00,5.46,25.34,0.00,0.13,0.00,0.00,6.77,0.86,19.26,3.33,6.76,32.07,0.00,0.00,0.00,0.00,0.00,0.04,0.00
15101490,0.02,43.01,0.00,0.03,2.58,0.00,0.02,0.00,0.00,0.27,0.27,40.59,2.15,2.82,51.26,0.00,0.00,0.00,0.00,0.00,0.00,0.00
15106920,0.07,86.10,0.00,0.00,0.11,0.00,0.07,0.00,0.00,0.03,1.51,79.08,5.51,0.18,13.18,0.00,0.00,0.00,0.00,0.00,0.33,0.00
15106980,0.00,85.34,0.00,0.00,0.04,0.00,0.00,0.00,0.00,0.00,1.78,78.26,5.30,0.12,14.27,0.00,0.00,0.00,0.00,0.00,0.24,0.00
15108000,0.68,68.62,0.00,0.38,0.90,0.00,0.68,0.00,0.00,0.38,2.81,56.41,9.40,1.39,27.04,0.00,0.00,0.00,0.00,0.00,0.61,0.00
15109000,0.91,71.54,0.00,0.14,0.59,0.00,0.90,0.01,0.00,0.23,1.66,54.56,15.32,1.54,24.84,0.00,0.00,0.00,0.00,0.00,0.21,0.00
15129500,0.05,70.49,0.00,5.62,4.02,0.00,0.05,0.00,0.00,1.32,4.46,53.35,12.69,0.00,16.27,0.00,0.00,0.00,0.00,0.00,1.91,0.32
15129600,5.63,91.28,0.00,0.10,0.00,0.00,3.92,1.11,0.60,0.23,0.00,62.27,29.01,0.00,1.97,0.00,0.00,0.00,0.00,0.00,0.78,0.00
15200000,0.07,49.54,0.00,2.99,4.32,0.00,0.07,0.00,0.00,9.02,1.60,47.28,0.67,1.68,23.39,0.00,0.08,0.00,0.00,0.00,8.92,0.00
15200280,0.15,55.99,0.00,6.98,0.00,0.00,0.12,0.02,0.00,0.63,0.58,55.04,0.38,1.36,26.91,0.00,0.04,0.00,0.00,0.00,7.93,0.01
15202000,0.15,44.28,0.00,4.61,10.72,0.02,0.12,0.00,0.00,13.09,1.25,42.34,0.69,0.77,19.82,0.18,0.01,0.00,0.00,0.00,6.35,0.03
15208000,0.23,30.21,0.00,1.63,5.59,0.00,0.22,0.00,0.01,26.80,7.60,21.76,0.86,0.47,32.74,1.99,0.01,0.00,0.00,0.00,0.31,0.01
15215990,0.00,69.22,0.00,0.33,0.00,0.00,0.00,0.00,0.00,0.00,0.00,69.22,0.00,0.00,10.67,0.00,0.00,0.00,0.00,0.00,19.78,0.00
15216000,0.18,22.84,0.00,0.62,17.71,0.00,0.18,0.00,0.00,31.90,0.02,22.82,0.00,0.00,26.07,0.37,0.00,0.00,0.00,0.00,0.30,0.00
15226000,0.04,3.33,0.00,3.94,16.01,0.00,0.04,0.00,0.00,23.41,1.68,1.64,0.01,0.00,51.67,1.44,0.01,0.00,0.00,0.00,0.14,0.00
15236900,0.00,0.01,0.00,0.00,76.79,0.00,0.00,0.00,0.00,15.84,0.00,0.01,0.00,0.00,7.35,0.01,0.00,0.00,0.00,0.00,0.00,0.00
15237730,1.52,89.26,0.00,1.00,0.00,0.00,1.52,0.00,0.00,0.00,0.35,88.50,0.41,0.00,7.99,0.00,0.00,0.00,0.00,0.00,0.00,0.24
15238600,0.00,16.71,0.00,0.15,6.45,0.00,0.00,0.00,0.00,43.57,0.00,16.71,0.00,0.00,32.75,0.37,0.00,0.00,0.00,0.00,0.00,0.00
15238820,0.14,27.41,0.00,0.14,1.10,0.00,0.14,0.00,0.00,8.01,7.70,19.63,0.07,0.00,62.80,0.30,0.02,0.00,0.00,0.00,0.08,0.00
15239000,0.00,0.74,0.00,9.67,37.87,0.00,0.00,0.00,0.00,20.02,0.00,0.73,0.01,6.85,24.29,0.00,0.00,0.00,0.00,0.00,0.01,0.55
15239050,0.00,0.03,0.00,0.25,31.90,0.00,0.00,0.00,0.00,44.23,0.00,0.03,0.00,18.93,4.66,0.00,0.00,0.00,0.00,0.00,0.00,0.00
15239060,0.00,5.63,0.00,0.35,14.26,0.00,0.00,0.00,0.00,21.40,0.00,5.52,0.10,24.50,33.83,0.00,0.00,0.00,0.00,0.00,0.00,0.05
15241600,2.09,49.17,0.13,0.11,0.00,1.81,0.26,0.01,0.00,0.00,2.90,28.87,17.39,0.03,27.15,0.00,0.00,0.00,0.11,0.02,4.72,16.60
15242000,0.09,28.96,0.01,17.06,21.74,0.04,0.05,0.00,0.00,7.95,1.09,23.21,4.67,6.01,14.18,0.00,0.00,0.00,0.00,0.00,0.93,3.08
15248000,0.14,18.99,0.00,3.59,22.87,0.05,0.09,0.00,0.00,23.54,0.75,18.05,0.19,5.18,25.06,0.20,0.08,0.00,0.00,0.00,0.20,0.14
15258000,0.27,19.55,0.00,5.32,18.51,0.10,0.16,0.01,0.00,20.58,1.25,17.62,0.69,8.86,26.17,0.23,0.05,0.00,0.00,0.00,0.18,0.27
15261000,0.00,14.65,0.00,7.90,3.48,0.00,0.00,0.00,0.00,13.23,1.35,12.51,0.79,22.50,37.84,0.00,0.00,0.00,0.00,0.00,0.06,0.34
15266110,0.22,21.86,0.00,7.36,20.50,0.11,0.10,0.01,0.00,14.70,1.90,18.03,1.93,9.57,24.58,0.12,0.03,0.00,0.00,0.00,0.26,0.82
15266300,0.73,34.77,0.03,5.61,14.50,0.34,0.34,0.04,0.01,11.22,2.69,27.12,4.96,7.97,18.87,0.08,0.02,0.00,0.02,0.01,2.47,3.74
15271000,0.35,12.50,0.03,0.32,6.48,0.11,0.22,0.01,0.00,16.72,1.68,9.36,1.47,24.28,39.02,0.00,0.00,0.00,0.03,0.00,0.01,0.30
15272380,0.00,15.04,0.00,2.22,28.86,0.00,0.00,0.00,0.00,19.86,0.99,13.93,0.12,5.35,24.27,0.14,0.01,0.00,0.00,0.00,3.65,0.60
15273045,8.75,21.02,0.00,0.00,0.03,6.22,2.51,0.03,0.00,13.33,7.90,6.42,6.70,25.97,30.64,0.00,0.00,0.00,0.00,0.00,0.02,0.23
15274000,0.42,8.72,0.00,0.20,0.00,0.36,0.06,0.00,0.00,20.63,2.71,3.63,2.38,40.07,29.90,0.00,0.00,0.00,0.00,0.00,0.01,0.04
15276000,0.09,8.11,0.00,0.15,0.16,0.07,0.02,0.00,0.00,18.93,2.07,4.54,1.50,37.87,34.69,0.00,0.00,0.00,0.00,0.00,0.00,0.00
15282000,0.01,6.37,0.00,0.13,0.42,0.01,0.00,0.00,0.00,20.61,0.56,5.63,0.17,13.00,58.51,0.03,0.07,0.00,0.00,0.00,0.82,0.03
15283700,0.48,15.52,0.00,0.10,0.82,0.48,0.00,0.00,0.00,33.57,11.60,1.43,2.48,21.43,28.00,0.00,0.00,0.00,0.00,0.00,0.02,0.05
15284000,0.28,13.37,0.12,0.48,9.84,0.14,0.13,0.01,0.00,41.63,5.61,6.19,1.57,6.69,26.45,0.09,0.06,0.00,0.12,0.00,0.89,0.10
15290000,0.43,1.22,0.00,0.05,1.57,0.32,0.11,0.00,0.00,33.67,0.79,0.27,0.16,32.16,30.90,0.00,0.00,0.00,0.00,0.00,0.00,0.01
15291000,0.04,1.76,0.00,1.43,20.90,0.00,0.04,0.00,0.00,27.85,0.04,1.71,0.01,4.38,37.38,0.02,0.18,0.00,0.00,0.00,6.03,0.03
15291200,0.03,0.01,0.00,1.62,11.32,0.00,0.03,0.00,0.00,37.39,0.00,0.01,0.00,2.69,44.71,0.00,0.02,0.00,0.00,0.00,2.20,0.01
15292000,0.03,17.83,0.00,2.86,4.02,0.00,0.03,0.00,0.00,15.16,0.86,16.09,0.88,8.59,47.42,0.03,0.11,0.00,0.00,0.00,3.91,0.05
15292700,0.00,13.60,0.00,0.62,14.13,0.00,0.00,0.00,0.00,24.54,4.07,6.04,3.49,17.59,28.69,0.02,0.24,0.00,0.00,0.00,0.37,0.20
15294005,0.36,22.25,0.00,0.16,0.04,0.30,0.06,0.00,0.00,10.97,3.16,16.01,3.08,37.92,26.90,0.00,0.00,0.00,0.00,0.00,0.29,1.11
15294300,0.00,16.66,0.00,0.85,8.19,0.00,0.00,0.00,0.00,34.50,5.48,5.00,6.17,11.11,24.69,0.00,0.04,0.00,0.00,0.00,1.39,2.56
15296000,0.00,10.16,0.00,2.20,12.30,0.00,0.00,0.00,0.00,12.28,10.16,0.00,0.00,12.53,37.77,12.14,0.08,0.00,0.00,0.00,0.31,0.23
15297200,0.00,15.03,0.00,0.00,0.00,0.00,0.00,0.00,0.00,3.14,8.28,6.75,0.00,3.06,66.38,11.45,0.14,0.00,0.00,0.00,0.08,0.72
15297610,0.00,0.00,0.00,1.28,34.98,0.00,0.00,0.00,0.00,6.07,0.00,0.00,0.00,45.88,0.00,11.52,0.00,0.00,0.00,0.00,0.00,0.26
15300250,0.00,3.81,0.00,1.50,0.00,0.00,0.00,0.00,0.00,0.61,1.57,1.86,0.37,44.56,49.35,0.00,0.01,0.00,0.00,0.00,0.03,0.13
15300300,0.00,12.54,0.00,1.27,1.74,0.00,0.00,0.00,0.00,41.72,2.84,8.61,1.09,8.11,34.46,0.00,0.04,0.00,0.00,0.00,0.10,0.02
15302000,0.00,10.43,0.00,13.91,5.33,0.00,0.00,0.00,0.00,9.07,0.82,7.40,2.21,9.28,51.20,0.00,0.03,0.01,0.00,0.00,0.01,0.74
15302200,0.00,1.67,0.00,1.59,0.00,0.00,0.00,0.00,0.00,2.63,0.80,0.82,0.05,52.48,41.35,0.00,0.01,0.01,0.00,0.00,0.04,0.22
15302250,0.00,1.63,0.00,1.56,0.01,0.00,0.00,0.00,0.00,2.13,0.88,0.66,0.08,37.59,56.71,0.00,0.01,0.00,0.00,0.00,0.10,0.27
15477740,0.00,44.60,0.00,0.17,0.00,0.00,0.00,0.00,0.00,8.45,1.31,42.81,0.48,8.35,34.51,0.28,0.11,0.00,0.00,0.00,3.52,0.00
15478040,0.00,0.00,0.00,0.00,46.82,0.00,0.00,0.00,0.00,53.15,0.00,0.00,0.00,0.01,0.02,0.00,0.00,0.00,0.00,0.00,0.00,0.00
15484000,0.05,60.24,0.00,0.46,0.00,0.00,0.05,0.00,0.00,3.83,13.50,44.98,1.76,5.29,26.54,0.07,0.21,0.00,0.00,0.00,3.32,0.00
15493000,0.04,70.19,0.00,0.11,0.00,0.00,0.04,0.00,0.00,0.83,15.66,51.28,3.25,2.70,23.87,0.23,0.07,0.00,0.00,0.00,1.96,0.00
15511000,0.14,84.44,0.00,0.29,0.00,0.01,0.13,0.00,0.00,0.92,24.17,45.59,14.67,0.45,7.63,0.00,0.07,0.00,0.00,0.00,6.06,0.00
15515060,0.00,42.00,0.00,0.02,0.00,0.00,0.00,0.00,0.00,2.36,0.61,32.21,9.18,1.63,52.94,0.03,0.00,0.00,0.00,0.00,0.99,0.02
15515080,0.00,29.79,0.00,0.00,0.00,0.00,0.00,0.00,0.00,0.29,1.60,20.72,7.47,3.26,66.11,0.00,0.09,0.00,0.00,0.00,0.43,0.03
15516000,0.13,5.75,0.00,1.55,3.80,0.00,0.13,0.00,0.00,19.16,0.03,5.56,0.16,5.59,58.33,0.10,0.43,0.00,0.00,0.00,5.15,0.02
15518000,0.16,10.50,0.00,1.11,6.29,0.02,0.14,0.00,0.00,25.87,0.24,9.61,0.65,8.90,44.18,0.10,0.24,0.00,0.00,0.00,2.61,0.04
15564879,0.08,16.58,0.00,0.23,0.03,0.00,0.08,0.00,0.00,3.21,5.88,7.86,2.84,24.96,53.49,0.00,0.43,0.00,0.00,0.00,0.99,0.00
15564900,0.04,24.72,0.00,1.03,0.02,0.00,0.04,0.00,0.00,8.14,4.62,17.41,2.69,16.49,46.72,0.27,0.89,0.00,0.00,0.00,1.61,0.08
15743850,0.08,21.69,0.00,0.00,0.00,0.00,0.08,0.00,0.00,2.22,5.77,11.69,4.22,31.01,43.74,0.00,1.21,0.00,0.00,0.00,0.05,0.00
15747000,0.00,0.77,0.00,0.62,0.01,0.00,0.00,0.00,0.00,7.85,0.01,0.75,0.01,60.08,15.80,0.00,11.91,0.00,0.00,0.00,2.96,0.01
15803000,0.00,0.00,0.00,2.97,0.50,0.00,0.00,0.00,0.00,0.67,0.00,0.00,0.00,35.66,1.38,0.00,53.15,0.00,0.00,0.00,0.00,5.67
15820000,0.00,0.00,0.00,1.52,0.00,0.00,0.00,0.00,0.00,0.25,0.00,0.00,0.00,69.77,18.44,0.00,9.32,0.00,0.00,0.00,0.00,0.69
15860000,0.00,0.00,0.00,22.29,0.00,0.00,0.00,0.00,0.00,0.26,0.00,0.00,0.00,1.38,1.67,0.00,64.51,0.00,0.00,0.00,0.00,9.89
15861000,0.00,0.00,0.00,13.68,0.00,0.00,0.00,0.00,0.00,0.68,0.00,0.00,0.00,9.76,4.93,0.00,54.30,0.00,0.00,0.00,0.00,16.65
15896000,0.03,0.00,0.00,3.32,0.26,0.00,0.03,0.00,0.00,1.22,0.00,0.00,0.00,41.70,4.17,0.00,46.58,0.00,0.00,0.00,0.00,2.72
15904800,0.85,0.00,0.00,0.00,0.06,0.00,0.85,0.00,0.00,63.31,0.00,0.00,0.00,33.99,1.76,0.00,0.02,0.00,0.00,0.00,0.00,0.01
15908000,0.18,0.00,0.00,0.92,0.58,0.00,0.17,0.01,0.00,49.29,0.00,0.00,0.00,35.80,7.04,0.00,5.70,0.00,0.00,0.00,0.00,0.48
16010000,0.00,70.05,0.00,0.00,0.00,0.00,0.00,0.00,0.00,0.00,0.00,70.05,0.00,0.00,0.00,0.00,0.00,0.00,0.00,0.00,27.78,2.16
16013000,0.28,75.49,0.00,0.00,0.00,0.28,0.00,0.00,0.00,0.00,0.00,75.49,0.00,0.00,0.00,0.00,0.00,0.00,0.00,0.00,23.66,0.58
16019000,0.00,68.37,0.00,0.00,0.00,0.00,0.00,0.00,0.00,0.00,0.00,68.37,0.00,0.00,0.00,0.00,0.00,0.00,0.00,0.00,29.77,1.86
16031000,0.94,43.56,0.05,0.01,0.00,0.47,0.46,0.00,0.00,11.65,0.00,43.56,0.00,0.00,23.35,9.45,0.00,0.00,0.00,0.05,10.63,0.36
16036000,0.61,37.74,0.24,0.00,0.00,0.26,0.35,0.00,0.00,9.32,0.00,37.74,0.00,0.00,33.36,14.03,0.00,0.00,0.00,0.24,4.12,0.59
16049000,0.05,67.09,0.00,0.00,0.00,0.04,0.00,0.00,0.00,0.16,0.00,67.09,0.00,0.00,31.44,1.27,0.00,0.00,0.00,0.00,0.00,0.00
16060000,3.56,69.73,4.19,0.02,0.00,1.22,2.32,0.02,0.00,0.27,0.00,69.73,0.00,0.00,17.25,3.61,0.00,0.00,0.00,4.19,1.31,0.07
16063000,0.00,67.75,0.00,0.00,0.00,0.00,0.00,0.00,0.00,0.00,0.00,67.75,0.00,0.00,30.53,1.42,0.00,0.00,0.00,0.00,0.15,0.16
16068000,1.01,74.77,0.00,0.00,0.00,0.13,0.88,0.00,0.00,0.03,0.00,74.77,0.00,0.00,24.19,0.00,0.00,0.00,0.00,0.00,0.00,0.00
16071000,4.38,65.35,7.14,0.05,0.00,1.06,3.05,0.27,0.00,0.01,0.00,65.35,0.00,0.00,20.50,2.38,0.00,0.00,0.00,7.14,0.06,0.13
16071500,1.06,67.48,0.00,0.00,0.00,0.42,0.65,0.00,0.00,0.00,0.00,67.48,0.00,0.00,31.27,0.18,0.00,0.00,0.00,0.00,0.00,0.00
16080000,3.09,60.63,0.00,0.00,0.00,1.54,1.55,0.00,0.00,0.06,0.00,60.63,0.00,0.00,34.39,1.83,0.00,0.00,0.00,0.00,0.00,0.00
16089000,0.00,79.22,0.00,0.00,0.00,0.00,0.00,0.00,0.00,0.04,0.00,79.22,0.00,0.00,18.08,0.60,0.00,0.00,0.00,0.00,2.06,0.00
16097500,0.00,72.05,0.00,0.00,0.00,0.00,0.00,0.00,0.00,0.00,0.00,72.05,0.00,0.00,11.59,0.00,0.00,0.00,0.00,0.00,12.89,3.48
16103000,0.71,72.60,0.00,0.69,0.00,0.28,0.43,0.00,0.00,0.08,0.00,72.60,0.00,0.00,24.12,0.33,0.00,0.00,0.00,0.00,1.31,0.16
16108000,0.00,61.05,0.00,0.43,0.00,0.00,0.00,0.00,0.00,0.11,0.00,61.05,0.00,0.00,18.15,0.15,0.00,0.00,0.00,0.00,18.07,2.04
16200000,1.06,95.88,0.00,0.00,0.00,1.06,0.00,0.00,0.00,0.00,0.00,95.88,0.00,0.00,3.06,0.00,0.00,0.00,0.00,0.00,0.00,0.00
16208000,3.52,92.11,0.00,0.00,0.00,3.52,0.00,0.00,0.00,0.00,0.00,92.11,0.00,0.00,4.36,0.01,0.00,0.00,0.00,0.00,0.00,0.00
16211000,2.86,93.89,0.00,0.00,0.00,2.85,0.02,0.00,0.00,0.00,0.00,93.89,0.00,0.00,3.25,0.00,0.00,0.00,0.00,0.00,0.00,0.00
16211600,3.65,90.77,0.00,0.00,0.00,3.60,0.05,0.00,0.00,0.00,0.00,90.77,0.00,0.00,2.62,0.11,0.00,0.00,0.00,0.00,2.86,0.00
16212601,22.51,55.29,14.63,0.00,0.00,10.01,4.57,3.64,4.28,0.00,0.00,55.29,0.00,0.00,6.06,1.51,0.00,0.00,0.00,14.63,0.00,0.00
16212800,2.86,86.32,0.00,0.00,0.00,2.68,0.18,0.00,0.00,0.00,0.00,86.32,0.00,0.00,10.82,0.00,0.00,0.00,0.00,0.00,0.00,0.00
16213000,28.54,42.05,16.77,0.00,0.00,9.94,6.39,8.58,3.64,0.02,0.00,42.05,0.00,0.00,8.01,4.60,0.00,0.00,0.00,16.77,0.00,0.01
16216000,14.17,69.76,0.61,0.02,0.00,4.97,3.40,4.01,1.79,0.13,0.00,69.76,0.00,0.00,11.56,3.76,0.00,0.00,0.00,0.61,0.00,0.00
16224500,15.78,77.89,0.00,0.00,0.00,4.30,3.98,5.83,1.67,0.00,0.00,77.89,0.00,0.00,6.25,0.08,0.00,0.00,0.00,0.00,0.00,0.00
16226000,7.61,87.30,0.00,0.00,0.00,2.83,2.67,1.64,0.48,0.00,0.00,87.30,0.00,0.00,5.09,0.00,0.00,0.00,0.00,0.00,0.00,0.00
16226200,8.96,84.39,0.00,0.00,0.00,2.96,3.44,1.69,0.87,0.00,0.00,84.39,0.00,0.00,6.31,0.34,0.00,0.00,0.00,0.00,0.00,0.00
16226400,16.76,75.74,0.00,0.00,0.00,4.17,5.18,3.43,3.98,0.02,0.00,75.74,0.00,0.00,7.11,0.36,0.00,0.00,0.00,0.00,0.00,0.00
16228000,2.08,91.43,0.00,0.00,0.00,2.08,0.00,0.00,0.00,0.00,0.00,91.43,0.00,0.00,5.97,0.53,0.00,0.00,0.00,0.00,0.00,0.00
16229000,4.83,89.07,0.00,0.00,0.00,1.36,2.24,1.02,0.22,0.00,0.00,89.07,0.00,0.00,5.80,0.30,0.00,0.00,0.00,0.00,0.00,0.00
16229300,23.10,71.95,0.00,0.00,0.00,2.51,5.51,10.80,4.28,0.00,0.00,71.95,0.00,0.00,4.63,0.33,0.00,0.00,0.00,0.00,0.00,0.00
16232000,7.19,80.08,0.00,0.56,0.00,3.07,3.13,0.95,0.04,0.00,0.00,80.08,0.00,0.00,9.33,0.06,0.00,0.00,0.00,0.00,1.95,0.83
16238500,9.48,80.92,0.00,0.00,0.00,8.30,1.12,0.06,0.00,0.00,0.00,80.92,0.00,0.00,9.60,0.00,0.00,0.00,0.00,0.00,0.00,0.00
16240500,3.62,84.76,0.00,0.00,0.00,3.49,0.00,0.13,0.00,0.00,0.00,84.76,0.00,0.00,11.62,0.00,0.00,0.00,0.00,0.00,0.00,0.00
16242500,32.46,58.64,0.00,0.00,0.00,7.36,9.82,11.94,3.34,0.00,0.00,58.64,0.00,0.00,8.90,0.00,0.00,0.00,0.00,0.00,0.00,0.00
16244000,13.80,74.61,0.00,0.00,0.00,6.35,4.08,2.36,1.00,0.00,0.00,74.61,0.00,0.00,11.59,0.00,0.00,0.00,0.00,0.00,0.00,0.00
16246000,7.04,72.38,0.00,0.00,0.00,2.62,1.86,1.73,0.83,0.00,0.00,72.38,0.00,0.00,14.67,0.00,0.00,0.00,0.00,0.00,1.96,3.95
16247000,31.66,54.08,0.00,0.00,0.00,4.19,6.88,11.01,9.58,0.00,0.00,54.08,0.00,0.00,12.60,0.00,0.00,0.00,0.00,0.00,0.55,1.11
16254000,11.52,72.37,0.60,0.09,0.00,8.22,2.82,0.48,0.00,0.00,0.00,72.37,0.00,0.00,15.42,0.00,0.00,0.00,0.00,0.60,0.00,0.00
16272200,29.51,42.99,0.00,1.05,0.00,17.98,6.32,4.32,0.90,0.00,0.00,42.99,0.00,0.00,26.29,0.08,0.00,0.00,0.00,0.00,0.00,0.07
16275000,10.55,32.35,0.00,0.00,0.00,5.38,3.31,1.48,0.39,0.00,0.00,32.35,0.00,0.00,57.10,0.00,0.00,0.00,0.00,0.00,0.00,0.00
16283200,11.75,30.27,0.00,0.00,0.00,3.90,5.92,1.89,0.04,0.00,0.00,30.27,0.00,0.00,57.98,0.00,0.00,0.00,0.00,0.00,0.00,0.00
16284000,0.07,28.50,0.00,0.00,0.00,0.07,0.00,0.00,0.00,0.00,0.00,28.50,0.00,0.00,71.43,0.00,0.00,0.00,0.00,0.00,0.00,0.00
16284200,0.25,29.00,0.00,0.00,0.00,0.25,0.00,0.00,0.00,0.00,0.00,29.00,0.00,0.00,70.75,0.00,0.00,0.00,0.00,0.00,0.00,0.00
16294100,8.11,63.38,0.87,0.00,0.00,6.52,1.47,0.12,0.00,0.00,0.00,63.38,0.00,0.00,27.63,0.00,0.00,0.00,0.00,0.87,0.00,0.00
16294900,6.33,79.02,0.00,0.00,0.00,6.25,0.08,0.00,0.00,0.00,0.00,79.02,0.00,0.00,14.64,0.02,0.00,0.00,0.00,0.00,0.00,0.00
16295300,0.98,66.35,0.00,0.00,0.00,0.90,0.08,0.00,0.00,0.00,0.00,66.35,0.00,0.00,28.93,3.73,0.00,0.00,0.00,0.00,0.00,0.00
16296500,5.05,78.51,0.00,0.00,0.00,4.82,0.22,0.00,0.00,0.00,0.00,78.51,0.00,0.00,16.44,0.00,0.00,0.00,0.00,0.00,0.00,0.00
16303000,2.48,76.06,0.00,0.00,0.00,2.33,0.15,0.00,0.00,0.00,0.00,76.06,0.00,0.00,21.46,0.00,0.00,0.00,0.00,0.00,0.00,0.00
16304200,5.13,70.25,0.00,0.00,0.00,5.13,0.00,0.00,0.00,0.00,0.00,70.25,0.00,0.00,24.62,0.00,0.00,0.00,0.00,0.00,0.00,0.00
16325000,1.63,92.68,0.00,0.00,0.00,1.63,0.00,0.00,0.00,0.00,0.00,92.68,0.00,0.00,5.68,0.00,0.00,0.00,0.00,0.00,0.00,0.00
16330000,2.94,89.67,0.00,0.00,0.00,2.76,0.18,0.00,0.00,0.00,0.00,89.67,0.00,0.00,6.65,0.75,0.00,0.00,0.00,0.00,0.00,0.00
16345000,2.68,86.82,0.00,0.00,0.00,2.66,0.02,0.00,0.00,0.00,0.00,86.82,0.00,0.00,10.45,0.05,0.00,0.00,0.00,0.00,0.00,0.00
16400000,0.00,77.89,0.00,0.00,0.00,0.00,0.00,0.00,0.00,0.00,0.00,77.89,0.00,0.00,20.90,1.21,0.00,0.00,0.00,0.00,0.00,0.00
16404200,0.00,49.89,0.00,0.00,0.00,0.00,0.00,0.00,0.00,0.00,0.00,49.89,0.00,0.00,45.08,5.03,0.00,0.00,0.00,0.00,0.00,0.00
16405500,0.41,78.55,0.00,0.00,0.00,0.38,0.03,0.00,0.00,0.00,0.00,78.55,0.00,0.00,19.99,0.99,0.00,0.00,0.00,0.00,0.05,0.00
16408000,0.22,61.44,0.00,0.00,0.00,0.20,0.02,0.00,0.00,0.00,0.00,61.44,0.00,0.00,32.95,5.36,0.00,0.00,0.00,0.00,0.03,0.00
16414000,3.81,42.96,0.00,0.00,0.00,3.67,0.14,0.00,0.00,5.08,0.00,42.96,0.00,0.00,41.79,6.35,0.00,0.00,0.00,0.00,0.00,0.00
16414200,4.12,39.06,0.00,0.00,0.00,3.97,0.15,0.00,0.00,4.65,0.00,39.06,0.00,0.00,44.26,7.90,0.00,0.00,0.00,0.00,0.00,0.00
16415000,0.00,100.00,0.00,0.00,0.00,0.00,0.00,0.00,0.00,0.00,0.00,100.00,0.00,0.00,0.00,0.00,0.00,0.00,0.00,0.00,0.00,0.00
16415600,1.69,27.17,0.00,0.00,0.00,1.63,0.06,0.00,0.00,16.89,0.00,27.17,0.00,0.00,47.90,6.35,0.00,0.00,0.00,0.00,0.00,0.00
16419500,0.11,81.42,0.00,0.00,0.00,0.00,0.11,0.00,0.00,0.00,0.00,81.42,0.00,0.00,17.49,0.98,0.00,0.00,0.00,0.00,0.00,0.00
16501000,0.00,87.70,0.00,0.00,0.00,0.00,0.00,0.00,0.00,0.28,0.00,87.70,0.00,0.00,9.12,2.15,0.00,0.00,0.00,0.00,0.74,0.00
16501200,0.11,86.03,0.00,0.00,0.00,0.11,0.00,0.00,0.00,0.22,0.00,86.03,0.00,0.00,9.24,3.80,0.00,0.00,0.00,0.00,0.58,0.00
16508000,0.03,88.73,0.00,0.00,0.00,0.03,0.00,0.00,0.00,1.43,0.00,88.73,0.00,0.00,1.28,8.54,0.00,0.00,0.00,0.00,0.00,0.00
16518000,0.00,83.75,0.00,0.00,0.00,0.00,0.00,0.00,0.00,0.59,0.00,83.75,0.00,0.00,15.41,0.25,0.00,0.00,0.00,0.00,0.00,0.00
16521300,1.67,86.18,0.00,0.00,0.00,1.62,0.05,0.00,0.00,0.15,0.00,86.18,0.00,0.00,11.02,0.98,0.00,0.00,0.00,0.00,0.00,0.00
16545000,0.00,97.31,0.00,0.00,0.00,0.00,0.00,0.00,0.00,0.00,0.00,97.31,0.00,0.00,2.56,0.13,0.00,0.00,0.00,0.00,0.00,0.00
16570000,1.92,97.16,0.00,0.00,0.00,1.84,0.08,0.00,0.00,0.00,0.00,97.16,0.00,0.00,0.63,0.28,0.00,0.00,0.00,0.00,0.00,0.00
16585000,0.67,99.33,0.00,0.00,0.00,0.67,0.00,0.00,0.00,0.00,0.00,99.33,0.00,0.00,0.00,0.00,0.00,0.00,0.00,0.00,0.00,0.00
16587000,0.00,99.59,0.00,0.00,0.00,0.00,0.00,0.00,0.00,0.00,0.00,99.59,0.00,0.00,0.41,0.00,0.00,0.00,0.00,0.00,0.00,0.00
16604500,0.27,55.41,0.00,0.00,0.00,0.14,0.12,0.00,0.00,0.00,0.00,55.41,0.00,0.00,42.94,1.22,0.00,0.00,0.00,0.00,0.16,0.00
16614000,0.76,23.37,0.00,0.00,0.00,0.72,0.04,0.00,0.00,0.00,0.00,23.37,0.00,0.00,71.81,0.89,0.00,0.00,0.00,0.00,3.16,0.02
16618000,0.22,80.53,0.00,0.00,0.00,0.22,0.00,0.00,0.00,0.00,0.00,80.53,0.00,0.00,9.32,1.08,0.00,0.00,0.00,0.00,8.17,0.67
16620000,1.31,66.47,0.00,0.00,0.00,1.31,0.00,0.00,0.00,0.00,0.00,66.47,0.00,0.00,26.61,0.09,0.00,0.00,0.00,0.00,4.77,0.75
16638500,5.57,63.04,0.58,0.14,0.00,4.94,0.16,0.32,0.15,0.00,0.00,63.04,0.00,0.00,21.84,7.19,0.00,0.00,0.00,0.58,1.65,0.00
16681000,0.00,0.00,0.00,0.00,0.00,0.00,0.00,0.00,0.00,28.46,0.00,0.00,0.00,0.00,52.04,19.50,0.00,0.00,0.00,0.00,0.00,0.00
16682000,0.00,0.00,0.00,0.00,0.00,0.00,0.00,0.00,0.00,18.96,0.00,0.00,0.00,0.00,64.84,16.20,0.00,0.00,0.00,0.00,0.00,0.00
16700000,1.04,60.47,0.00,0.00,0.00,1.02,0.02,0.00,0.00,12.04,0.00,60.47,0.00,0.00,26.38,0.06,0.00,0.00,0.00,0.00,0.00,0.00
16704000,1.23,28.05,5.18,0.00,0.00,0.88,0.35,0.00,0.00,24.85,0.00,28.05,0.00,0.00,25.45,15.23,0.00,0.00,5.18,0.01,0.00,0.00
16717000,0.00,92.88,0.00,0.00,0.00,0.00,0.00,0.00,0.00,0.00,0.00,92.88,0.00,0.00,7.06,0.06,0.00,0.00,0.00,0.00,0.00,0.00
16720000,0.00,75.81,0.00,0.00,0.00,0.00,0.00,0.00,0.00,0.00,0.00,75.81,0.00,0.00,23.81,0.39,0.00,0.00,0.00,0.00,0.00,0.00
16720300,0.00,85.14,0.00,0.00,0.00,0.00,0.00,0.00,0.00,0.00,0.00,85.14,0.00,0.00,13.88,0.99,0.00,0.00,0.00,0.00,0.00,0.00
16725000,0.00,95.36,0.00,0.00,0.00,0.00,0.00,0.00,0.00,0.00,0.00,95.36,0.00,0.00,4.64,0.00,0.00,0.00,0.00,0.00,0.00,0.00
16756100,0.53,89.96,1.19,0.00,0.00,0.08,0.45,0.00,0.00,0.00,0.00,89.96,0.00,0.00,7.59,0.73,0.00,0.00,1.19,0.00,0.00,0.00
16757000,7.74,87.45,0.00,0.00,0.00,2.58,5.16,0.00,0.00,0.00,0.00,87.45,0.00,0.00,4.74,0.08,0.00,0.00,0.00,0.00,0.00,0.00
16758000,6.65,88.73,0.00,0.00,0.00,2.73,3.92,0.00,0.00,0.00,0.00,88.73,0.00,0.00,4.32,0.30,0.00,0.00,0.00,0.00,0.00,0.00
16759000,1.53,90.36,2.60,0.00,0.00,0.99,0.54,0.00,0.00,0.00,0.00,90.36,0.00,0.00,3.21,2.30,0.00,0.00,2.60,0.00,0.00,0.00
16759800,3.18,72.96,0.00,0.00,0.00,1.47,1.70,0.00,0.00,0.00,0.00,72.96,0.00,0.00,13.75,10.11,0.00,0.00,0.00,0.00,0.00,0.00
16764000,0.00,99.88,0.00,0.00,0.00,0.00,0.00,0.00,0.00,0.00,0.00,99.88,0.00,0.00,0.00,0.12,0.00,0.00,0.00,0.00,0.00,0.00
16770500,6.12,46.82,17.62,0.00,0.00,5.23,0.88,0.00,0.00,0.00,0.00,46.82,0.00,0.00,3.53,25.92,0.00,0.00,3.28,14.34,0.00,0.00
50010500,14.14,65.62,0.00,0.00,0.00,1.89,10.87,1.38,0.00,0.00,0.00,65.62,0.00,0.00,1.03,19.21,0.00,0.00,0.00,0.00,0.00,0.00
50014800,5.85,58.53,4.59,0.06,0.00,1.27,4.32,0.26,0.01,0.01,0.00,58.53,0.00,0.00,1.46,29.49,0.00,0.00,4.59,0.00,0.00,0.00
50021700,3.81,75.69,0.00,0.38,0.00,0.47,2.72,0.61,0.01,0.10,0.00,75.69,0.00,0.00,2.46,17.56,0.00,0.00,0.00,0.00,0.00,0.00
50024950,4.98,70.15,0.11,0.22,0.00,0.85,3.28,0.83,0.01,0.26,0.00,70.15,0.00,0.00,2.26,22.02,0.00,0.00,0.11,0.00,0.00,0.00
50025155,1.60,85.57,0.00,0.02,0.00,0.15,1.39,0.06,0.00,0.20,0.00,85.57,0.00,0.00,0.70,11.91,0.00,0.00,0.00,0.00,0.00,0.00
50026025,4.93,67.42,0.00,0.04,0.00,0.72,3.46,0.75,0.00,0.32,0.00,67.42,0.00,0.00,1.47,25.83,0.00,0.00,0.00,0.00,0.00,0.00
50026200,4.13,66.90,0.00,1.82,0.00,0.59,2.96,0.58,0.00,0.28,0.00,66.90,0.00,0.00,1.32,25.54,0.00,0.00,0.00,0.00,0.00,0.00
50027000,1.29,74.93,0.00,0.00,0.00,0.47,0.78,0.05,0.00,0.03,0.00,74.93,0.00,0.00,2.43,21.31,0.00,0.00,0.00,0.00,0.00,0.00
50028000,2.74,68.14,0.00,0.07,0.00,0.48,2.18,0.09,0.00,0.02,0.00,68.14,0.00,0.00,2.62,26.41,0.00,0.00,0.00,0.00,0.00,0.00
50028400,2.31,72.39,0.00,0.06,0.00,0.41,1.82,0.08,0.00,0.04,0.00,72.39,0.00,0.00,2.20,23.00,0.00,0.00,0.00,0.00,0.00,0.00
50029000,3.57,71.02,1.47,0.90,0.00,0.74,2.35,0.47,0.01,0.38,0.00,71.02,0.00,0.00,1.65,21.00,0.00,0.00,1.03,0.44,0.00,0.02
50031200,5.48,40.77,0.41,0.00,0.00,1.67,2.93,0.86,0.02,0.15,0.00,40.77,0.00,0.00,4.69,48.49,0.00,0.00,0.00,0.41,0.00,0.00
50034000,1.64,53.20,0.00,0.02,0.00,0.68,0.91,0.06,0.00,0.12,0.00,53.20,0.00,0.00,3.58,41.43,0.00,0.00,0.00,0.00,0.00,0.00
50035000,3.48,54.36,0.44,0.13,0.00,1.19,1.81,0.47,0.01,0.11,0.00,54.36,0.00,0.00,3.47,38.02,0.00,0.00,0.00,0.44,0.00,0.00
50038100,4.52,55.88,0.81,0.17,0.00,1.52,2.37,0.61,0.01,0.14,0.00,55.88,0.00,0.00,3.17,35.31,0.00,0.00,0.42,0.39,0.00,0.00
50038320,12.27,44.10,0.00,0.00,0.00,4.77,5.96,1.55,0.00,0.22,0.00,44.10,0.00,0.00,3.11,40.29,0.00,0.00,0.00,0.00,0.00,0.00
50039500,11.98,51.60,1.76,0.00,0.00,4.14,6.34,1.46,0.04,0.38,0.00,51.60,0.00,0.00,2.07,31.89,0.00,0.00,1.45,0.31,0.08,0.23
50043000,14.16,49.43,1.10,0.51,0.00,1.72,9.10,3.19,0.15,0.35,0.00,49.43,0.00,0.00,3.68,30.78,0.00,0.00,1.10,0.00,0.00,0.00
50043800,13.11,43.38,0.59,0.28,0.00,2.43,7.83,2.75,0.10,0.26,0.00,43.38,0.00,0.00,6.11,36.26,0.00,0.00,0.59,0.00,0.00,0.00
50044810,10.79,54.53,0.00,0.00,0.00,4.23,5.71,0.84,0.00,0.06,0.00,54.53,0.00,0.00,3.06,31.57,0.00,0.00,0.00,0.00,0.00,0.00
50045010,12.29,45.80,0.52,0.58,0.00,2.88,7.18,2.15,0.07,0.22,0.00,45.80,0.00,0.00,5.64,34.97,0.00,0.00,0.52,0.00,0.00,0.00
50046000,14.60,44.32,0.87,0.53,0.00,3.39,8.35,2.77,0.09,0.39,0.00,44.32,0.00,0.00,5.15,34.13,0.00,0.00,0.87,0.00,0.01,0.00
50047535,9.98,26.85,0.00,0.00,0.00,0.00,9.98,0.00,0.00,3.37,0.00,26.85,0.00,0.00,0.00,59.79,0.00,0.00,0.00,0.00,0.00,0.00
50047560,22.32,23.64,11.29,2.39,0.00,2.92,14.48,4.53,0.40,2.31,0.00,23.64,0.00,0.00,0.57,37.47,0.00,0.00,11.29,0.00,0.00,0.00
50047850,12.98,49.56,3.38,0.47,0.00,2.80,8.85,1.25,0.08,0.71,0.00,49.56,0.00,0.00,1.56,31.34,0.00,0.00,3.17,0.21,0.00,0.00
50048690,14.72,43.78,0.00,4.58,0.00,4.11,9.77,0.83,0.00,0.28,0.00,43.78,0.00,0.00,0.53,36.12,0.00,0.00,0.00,0.00,0.00,0.00
50048770,42.55,33.62,0.00,0.68,0.00,7.97,24.32,10.20,0.05,1.69,0.00,33.62,0.00,0.00,0.46,21.00,0.00,0.00,0.00,0.00,0.00,0.00
50049100,65.17,20.55,0.00,0.33,0.00,7.75,24.50,30.35,2.58,0.87,0.00,20.55,0.00,0.00,0.28,12.76,0.00,0.00,0.00,0.00,0.04,0.00
50050900,1.38,45.52,1.55,0.00,0.00,0.58,0.58,0.22,0.00,0.09,0.00,45.52,0.00,0.00,0.17,51.29,0.00,0.00,1.55,0.00,0.00,0.00
50051310,1.14,38.65,4.71,0.00,0.00,0.44,0.53,0.17,0.00,0.00,0.00,38.65,0.00,0.00,0.07,55.42,0.00,0.00,4.71,0.00,0.00,0.00
50051800,5.20,38.29,2.54,0.00,0.00,1.15,3.48,0.57,0.00,0.09,0.00,38.29,0.00,0.00,0.37,53.51,0.00,0.00,2.54,0.00,0.00,0.00
50053025,6.52,59.21,0.00,0.00,0.00,0.76,5.44,0.33,0.00,0.24,0.00,59.21,0.00,0.00,0.37,33.65,0.00,0.00,0.00,0.00,0.00,0.00
50055000,13.48,37.65,2.87,0.02,0.00,1.95,8.37,3.06,0.10,0.76,0.00,37.65,0.00,0.00,0.68,44.53,0.00,0.00,2.87,0.00,0.00,0.00
50055380,22.95,48.44,1.67,0.00,0.00,3.78,13.74,5.31,0.11,0.09,0.00,48.44,0.00,0.00,0.65,26.21,0.00,0.00,1.67,0.00,0.00,0.00
50055750,8.37,34.31,31.01,0.00,0.00,0.95,6.20,1.19,0.03,0.02,0.00,34.31,0.00,0.00,0.90,25.40,0.00,0.00,31.01,0.00,0.00,0.00
50056400,19.45,22.73,9.23,0.00,0.00,1.98,13.26,3.90,0.32,0.89,0.00,22.73,0.00,0.00,0.84,46.86,0.00,0.00,8.96,0.27,0.00,0.00
50057000,16.17,27.98,17.63,0.07,0.00,1.94,10.72,3.32,0.19,0.85,0.00,27.98,0.00,0.00,1.10,36.21,0.00,0.00,17.55,0.08,0.00,0.00
50058350,21.86,52.22,0.00,0.00,0.00,5.90,11.03,4.35,0.58,0.73,0.00,52.22,0.00,0.00,0.44,24.74,0.00,0.00,0.00,0.00,0.00,0.00
50059050,18.49,34.60,6.52,0.33,0.00,2.69,10.37,5.09,0.34,0.93,0.00,34.60,0.00,0.00,0.85,38.28,0.00,0.00,6.35,0.17,0.00,0.00
50059210,13.95,35.43,5.09,0.00,0.00,3.45,9.33,1.15,0.03,0.03,0.00,35.43,0.00,0.00,1.14,44.36,0.00,0.00,5.09,0.00,0.00,0.00
50061800,3.00,70.62,0.45,0.00,0.00,1.20,1.62,0.18,0.00,0.00,0.00,70.62,0.00,0.00,0.06,25.86,0.00,0.00,0.45,0.00,0.00,0.00
50063440,0.00,100.00,0.00,0.00,0.00,0.00,0.00,0.00,0.00,0.00,0.00,100.00,0.00,0.00,0.00,0.00,0.00,0.00,0.00,0.00,0.00,0.00
50063800,2.98,90.79,0.00,0.00,0.00,0.22,2.18,0.57,0.00,0.00,0.00,90.79,0.00,0.00,0.03,6.21,0.00,0.00,0.00,0.00,0.00,0.00
50064200,2.19,74.89,0.60,0.00,0.00,0.81,1.18,0.19,0.00,0.00,0.00,74.89,0.00,0.00,0.19,22.10,0.00,0.00,0.60,0.00,0.03,0.00
50065500,0.00,99.86,0.00,0.00,0.00,0.00,0.00,0.00,0.00,0.03,0.00,99.86,0.00,0.00,0.00,0.12,0.00,0.00,0.00,0.00,0.00,0.00
50067000,0.60,95.69,0.00,0.00,0.00,0.24,0.13,0.23,0.00,0.00,0.00,95.69,0.00,0.00,0.27,3.44,0.00,0.00,0.00,0.00,0.00,0.00
50070900,0.67,69.45,0.44,0.00,0.00,0.19,0.26,0.23,0.00,0.00,0.00,69.45,0.00,0.00,2.14,27.30,0.00,0.00,0.12,0.32,0.00,0.00
50071000,1.13,68.60,1.37,0.00,0.00,0.33,0.49,0.31,0.00,0.00,0.00,68.60,0.00,0.00,1.83,27.06,0.00,0.00,1.11,0.26,0.00,0.00
50075000,0.19,99.53,0.00,0.00,0.00,0.00,0.00,0.19,0.00,0.14,0.00,99.53,0.00,0.00,0.00,0.14,0.00,0.00,0.00,0.00,0.00,0.00
50076000,0.76,93.74,1.27,0.00,0.00,0.18,0.22,0.36,0.00,0.01,0.00,93.74,0.00,0.00,0.18,4.03,0.00,0.00,1.27,0.00,0.00,0.00
50081000,6.97,42.42,0.00,0.00,0.00,1.44,4.44,1.10,0.00,0.04,0.00,42.42,0.00,0.00,0.17,50.39,0.00,0.00,0.00,0.00,0.00,0.00
50085100,2.85,54.25,5.47,0.01,0.00,0.71,1.52,0.58,0.05,0.04,0.00,54.25,0.00,0.00,1.33,35.80,0.00,0.00,1.28,4.19,0.03,0.23
50090500,0.54,92.85,0.00,0.00,0.00,0.30,0.15,0.09,0.00,0.00,0.00,92.85,0.00,0.00,0.85,5.76,0.00,0.00,0.00,0.00,0.00,0.00
50092000,0.36,85.21,0.00,0.00,0.00,0.05,0.19,0.11,0.01,0.09,0.00,85.21,0.00,0.00,0.63,13.71,0.00,0.00,0.00,0.00,0.00,0.00
50093120,0.67,80.97,0.00,1.47,0.00,0.13,0.39,0.14,0.01,0.08,0.00,80.97,0.00,0.00,0.73,16.08,0.00,0.00,0.00,0.00,0.00,0.00
50100200,5.78,66.61,0.00,0.00,0.00,1.17,3.88,0.71,0.02,0.02,0.00,66.61,0.00,0.00,7.92,19.67,0.00,0.00,0.00,0.00,0.00,0.00
50100450,1.89,74.52,0.00,0.00,0.00,0.40,1.39,0.10,0.00,0.11,0.00,74.52,0.00,0.00,3.32,20.16,0.00,0.00,0.00,0.00,0.00,0.00
50106100,4.44,44.80,0.00,0.03,0.00,0.74,2.61,1.08,0.01,0.03,0.00,44.80,0.00,0.00,9.88,40.83,0.00,0.00,0.00,0.00,0.00,0.00
50108000,3.66,31.43,0.01,0.02,0.00,0.34,2.71,0.62,0.00,0.11,0.00,31.43,0.00,0.00,16.15,48.62,0.00,0.00,0.01,0.00,0.00,0.00
50110900,2.16,48.89,0.00,0.01,0.00,0.49,1.45,0.22,0.00,0.08,0.00,48.89,0.00,0.00,7.33,41.53,0.00,0.00,0.00,0.00,0.00,0.00
50111500,7.48,46.13,0.00,2.12,0.00,1.68,3.47,2.29,0.04,0.41,0.00,46.13,0.00,0.00,8.39,35.43,0.00,0.00,0.00,0.00,0.02,0.02
50112500,1.38,82.82,0.00,0.00,0.00,0.18,1.12,0.09,0.00,0.22,0.00,82.82,0.00,0.00,0.98,14.60,0.00,0.00,0.00,0.00,0.00,0.00
50113800,0.86,80.11,0.00,0.00,0.00,0.05,0.79,0.01,0.00,0.04,0.00,80.11,0.00,0.00,1.66,17.34,0.00,0.00,0.00,0.00,0.00,0.00
50114000,0.96,78.48,0.00,2.75,0.00,0.26,0.67,0.02,0.01,0.35,0.00,78.48,0.00,0.00,1.52,15.95,0.00,0.00,0.00,0.00,0.00,0.00
50114900,4.32,72.29,0.00,0.00,0.00,0.31,1.61,2.03,0.36,2.59,0.00,72.29,0.00,0.00,1.45,19.34,0.00,0.00,0.00,0.00,0.00,0.00
50115000,5.43,72.21,0.00,0.00,0.00,0.67,2.28,2.19,0.30,2.43,0.00,72.21,0.00,0.00,1.79,18.14,0.00,0.00,0.00,0.00,0.00,0.00
50115900,10.55,68.20,0.00,0.20,0.00,1.34,4.93,4.11,0.17,1.17,0.00,68.20,0.00,0.00,3.48,16.40,0.00,0.00,0.00,0.00,0.00,0.00
50124200,2.38,63.96,0.00,0.05,0.00,0.81,1.52,0.06,0.00,0.07,0.00,63.96,0.00,0.00,3.81,29.72,0.00,0.00,0.00,0.00,0.00,0.00
50126150,1.82,64.02,0.04,0.90,0.00,0.96,0.79,0.07,0.00,0.00,0.00,64.02,0.00,0.00,4.46,28.76,0.00,0.00,0.00,0.04,0.00,0.00
50131990,13.91,63.23,2.07,0.04,0.00,4.55,5.87,3.36,0.13,0.44,0.00,63.23,0.00,0.00,3.75,16.56,0.00,0.00,1.93,0.14,0.00,0.00
50136400,1.89,86.81,0.00,0.00,0.00,0.55,0.83,0.49,0.02,0.01,0.00,86.81,0.00,0.00,1.39,9.90,0.00,0.00,0.00,0.00,0.00,0.00
50138000,12.83,58.77,3.94,0.11,0.00,4.23,5.51,2.86,0.23,0.21,0.00,58.77,0.00,0.00,2.45,20.72,0.00,0.00,0.73,3.21,0.02,0.96
50141000,2.84,75.48,0.00,0.00,0.00,0.34,2.27,0.21,0.02,0.01,0.00,75.48,0.00,0.00,2.04,19.62,0.00,0.00,0.00,0.00,0.00,0.00
50144000,2.02,77.76,0.48,0.48,0.00,0.45,1.42,0.14,0.01,0.03,0.00,77.76,0.00,0.00,2.01,17.22,0.00,0.00,0.15,0.34,0.00,0.00
50145395,2.12,85.70,0.00,0.00,0.00,0.32,1.77,0.03,0.00,0.00,0.00,85.70,0.00,0.00,1.14,11.04,0.00,0.00,0.00,0.00,0.00,0.00
50147800,12.98,36.85,2.71,0.02,0.00,3.84,7.76,1.33,0.05,0.00,0.00,36.85,0.00,0.00,2.28,45.16,0.00,0.00,2.51,0.20,0.00,0.00
50148890,14.72,37.97,2.79,0.03,0.00,4.35,8.84,1.48,0.05,0.01,0.00,37.97,0.00,0.00,2.00,42.48,0.00,0.00,1.87,0.92,0.00,0.00
