STAID,NDAMS_2009,DDENS_2009,STOR_NID_2009,STOR_NOR_2009,MAJ_NDAMS_2009,MAJ_DDENS_2009
15012000,0.00,0.00,0.0,0.0,0.00,0.00
15019990,0.00,0.00,0.0,0.0,0.00,0.00
15022000,0.00,0.00,0.0,0.0,0.00,0.00
15026000,0.00,0.00,0.0,0.0,0.00,0.00
15048000,0.00,0.00,0.0,0.0,0.00,0.00
15050000,0.00,0.00,0.0,0.0,0.00,0.00
15051010,1.00,3.98,883.8,589.2,1.00,3.98
15052000,0.00,0.00,0.0,0.0,0.00,0.00
15055500,0.00,0.00,0.0,0.0,0.00,0.00
15056210,0.00,0.00,0.0,0.0,0.00,0.00
15072000,0.00,0.00,0.0,0.0,0.00,0.00
15081497,0.00,0.00,0.0,0.0,0.00,0.00
15085100,0.00,0.00,0.0,0.0,0.00,0.00
15087080,0.00,0.00,0.0,0.0,0.00,0.00
15087690,0.00,0.00,0.0,0.0,0.00,0.00
15088000,1.00,1.00,1790.7,1790.7,1.00,1.00
15101490,0.00,0.00,0.0,0.0,0.00,0.00
15106920,0.00,0.00,0.0,0.0,0.00,0.00
15106980,0.00,0.00,0.0,0.0,0.00,0.00
15108000,0.00,0.00,0.0,0.0,0.00,0.00
15109000,0.00,0.00,0.0,0.0,0.00,0.00
15129500,0.00,0.00,0.0,0.0,0.00,0.00
15129600,0.00,0.00,0.0,0.0,0.00,0.00
15200000,0.00,0.00,0.0,0.0,0.00,0.00
15200280,0.00,0.00,0.0,0.0,0.00,0.00
15202000,0.00,0.00,0.0,0.0,0.00,0.00
15208000,0.00,0.00,0.0,0.0,0.00,0.00
15215990,0.00,0.00,0.0,0.0,0.00,0.00
15216000,0.00,0.00,0.0,0.0,0.00,0.00
15226000,1.00,2.00,776.5,776.5,1.00,2.00
15236900,0.00,0.00,0.0,0.0,0.00,0.00
15237730,0.00,0.00,0.0,0.0,0.00,0.00
15238600,0.00,0.00,0.0,0.0,0.00,0.00
15238820,0.00,0.00,0.0,0.0,0.00,0.00
15239000,0.00,0.00,0.0,0.0,0.00,0.00
15239050,0.00,0.00,0.0,0.0,0.00,0.00
15239060,0.00,0.00,0.0,0.0,0.00,0.00
15241600,0.00,0.00,0.0,0.0,0.00,0.00
15242000,0.00,0.00,0.0,0.0,0.00,0.00
15248000,1.00,0.21,0.0,0.0,0.00,0.00
15258000,1.00,0.06,0.0,0.0,0.00,0.00
15261000,0.00,0.00,0.0,0.0,0.00,0.00
15266110,2.00,0.06,48.3,42.4,1.00,0.03
15266300,2.00,0.04,30.3,26.6,1.00,0.02
15271000,0.00,0.00,0.0,0.0,0.00,0.00
15272380,0.00,0.00,0.0,0.0,0.00,0.00
15273045,0.00,0.00,0.0,0.0,0.00,0.00
15274000,0.00,0.00,0.0,0.0,0.00,0.00
15276000,0.00,0.00,0.0,0.0,0.00,0.00
15282000,0.00,0.00,0.0,0.0,0.00,0.00
15283700,0.00,0.00,0.0,0.0,0.00,0.00
15284000,0.00,0.00,0.0,0.0,0.00,0.00
15290000,0.00,0.00,0.0,0.0,0.00,0.00
15291000,0.00,0.00,0.0,0.0,0.00,0.00
15291200,0.00,0.00,0.0,0.0,0.00,0.00
15292000,0.00,0.00,0.0,0.0,0.00,0.00
15292700,0.00,0.00,0.0,0.0,0.00,0.00
15294005,0.00,0.00,0.0,0.0,0.00,0.00
15294300,0.00,0.00,0.0,0.0,0.00,0.00
15296000,0.00,0.00,0.0,0.0,0.00,0.00
15297200,0.00,0.00,0.0,0.0,0.00,0.00
15297610,0.00,0.00,0.0,0.0,0.00,0.00
15300250,0.00,0.00,0.0,0.0,0.00,0.00
15300300,0.00,0.00,0.0,0.0,0.00,0.00
15302000,0.00,0.00,0.0,0.0,0.00,0.00
15302200,0.00,0.00,0.0,0.0,0.00,0.00
15302250,0.00,0.00,0.0,0.0,0.00,0.00
15477740,1.00,0.06,0.1,0.1,1.00,0.06
15478040,0.00,0.00,0.0,0.0,0.00,0.00
15484000,0.00,0.00,0.0,0.0,0.00,0.00
15493000,0.00,0.00,0.0,0.0,0.00,0.00
15511000,2.00,0.23,132.3,126.5,2.00,0.23
15515060,0.00,0.00,0.0,0.0,0.00,0.00
15515080,0.00,0.00,0.0,0.0,0.00,0.00
15516000,0.00,0.00,0.0,0.0,0.00,0.00
15518000,0.00,0.00,0.0,0.0,0.00,0.00
15564879,0.00,0.00,0.0,0.0,0.00,0.00
15564900,0.00,0.00,0.0,0.0,0.00,0.00
15743850,0.00,0.00,0.0,0.0,0.00,0.00
15747000,4.00,0.22,31.4,13.4,3.00,0.16
15803000,0.00,0.00,0.0,0.0,0.00,0.00
15820000,0.00,0.00,0.0,0.0,0.00,0.00
15860000,0.00,0.00,0.0,0.0,0.00,0.00
15861000,0.00,0.00,0.0,0.0,0.00,0.00
15896000,0.00,0.00,0.0,0.0,0.00,0.00
15904800,0.00,0.00,0.0,0.0,0.00,0.00
15908000,0.00,0.00,0.0,0.0,0.00,0.00
16010000,0.00,0.00,0.0,0.0,0.00,0.00
16013000,0.00,0.00,0.0,0.0,0.00,0.00
16019000,0.00,0.00,0.0,0.0,0.00,0.00
16031000,0.00,0.00,0.0,0.0,0.00,0.00
16036000,1.00,1.47,1.5,1.3,0.00,0.00
16049000,0.00,0.00,0.0,0.0,0.00,0.00
16060000,1.00,1.63,4.2,3.3,0.00,0.00
16063000,0.00,0.00,0.0,0.0,0.00,0.00
16068000,0.00,0.00,0.0,0.0,0.00,0.00
16071000,1.00,2.31,25.6,21.1,0.00,0.00
16071500,0.00,0.00,0.0,0.0,0.00,0.00
16080000,0.00,0.00,0.0,0.0,0.00,0.00
16089000,0.00,0.00,0.0,0.0,0.00,0.00
16097500,0.00,0.00,0.0,0.0,0.00,0.00
16103000,0.00,0.00,0.0,0.0,0.00,0.00
16108000,0.00,0.00,0.0,0.0,0.00,0.00
16200000,0.00,0.00,0.0,0.0,0.00,0.00
16208000,0.00,0.00,0.0,0.0,0.00,0.00
16211000,0.00,0.00,0.0,0.0,0.00,0.00
16211600,0.00,0.00,0.0,0.0,0.00,0.00
16212601,0.00,0.00,0.0,0.0,0.00,0.00
16212800,0.00,0.00,0.0,0.0,0.00,0.00
16213000,0.00,0.00,0.0,0.0,0.00,0.00
16216000,3.00,4.60,8.0,7.5,2.00,3.06
16224500,0.00,0.00,0.0,0.0,0.00,0.00
16226000,0.00,0.00,0.0,0.0,0.00,0.00
16226200,0.00,0.00,0.0,0.0,0.00,0.00
16226400,0.00,0.00,0.0,0.0,0.00,0.00
16228000,0.00,0.00,0.0,0.0,0.00,0.00
16229000,0.00,0.00,0.0,0.0,0.00,0.00
16229300,0.00,0.00,0.0,0.0,0.00,0.00
16232000,1.00,11.52,511.4,34.4,1.00,11.52
16238500,0.00,0.00,0.0,0.0,0.00,0.00
16240500,0.00,0.00,0.0,0.0,0.00,0.00
16242500,0.00,0.00,0.0,0.0,0.00,0.00
16244000,0.00,0.00,0.0,0.0,0.00,0.00
16246000,0.00,0.00,0.0,0.0,0.00,0.00
16247000,0.00,0.00,0.0,0.0,0.00,0.00
16254000,0.00,0.00,0.0,0.0,0.00,0.00
16272200,1.00,10.09,559.8,32.3,1.00,10.09
16275000,0.00,0.00,0.0,0.0,0.00,0.00
16283200,0.00,0.00,0.0,0.0,0.00,0.00
16284000,0.00,0.00,0.0,0.0,0.00,0.00
16284200,0.00,0.00,0.0,0.0,0.00,0.00
16294100,0.00,0.00,0.0,0.0,0.00,0.00
16294900,0.00,0.00,0.0,0.0,0.00,0.00
16295300,0.00,0.00,0.0,0.0,0.00,0.00
16296500,0.00,0.00,0.0,0.0,0.00,0.00
16303000,0.00,0.00,0.0,0.0,0.00,0.00
16304200,0.00,0.00,0.0,0.0,0.00,0.00
16325000,0.00,0.00,0.0,0.0,0.00,0.00
16330000,0.00,0.00,0.0,0.0,0.00,0.00
16345000,0.00,0.00,0.0,0.0,0.00,0.00
16400000,0.00,0.00,0.0,0.0,0.00,0.00
16404200,0.00,0.00,0.0,0.0,0.00,0.00
16405500,0.00,0.00,0.0,0.0,0.00,0.00
16408000,0.00,0.00,0.0,0.0,0.00,0.00
16414000,0.00,0.00,0.0,0.0,0.00,0.00
16414200,0.00,0.00,0.0,0.0,0.00,0.00
16415000,0.00,0.00,0.0,0.0,0.00,0.00
16415600,0.00,0.00,0.0,0.0,0.00,0.00
16419500,0.00,0.00,0.0,0.0,0.00,0.00
16501000,0.00,0.00,0.0,0.0,0.00,0.00
16501200,0.00,0.00,0.0,0.0,0.00,0.00
16508000,0.00,0.00,0.0,0.0,0.00,0.00
16518000,0.00,0.00,0.0,0.0,0.00,0.00
16521300,0.00,0.00,0.0,0.0,0.00,0.00
16545000,0.00,0.00,0.0,0.0,0.00,0.00
16570000,1.00,10.48,4.8,4.1,0.00,0.00
16585000,0.00,0.00,0.0,0.0,0.00,0.00
16587000,0.00,0.00,0.0,0.0,0.00,0.00
16604500,0.00,0.00,0.0,0.0,0.00,0.00
16614000,0.00,0.00,0.0,0.0,0.00,0.00
16618000,0.00,0.00,0.0,0.0,0.00,0.00
16620000,0.00,0.00,0.0,0.0,0.00,0.00
16638500,1.00,7.72,2.8,1.7,0.00,0.00
16681000,0.00,0.00,0.0,0.0,0.00,0.00
16682000,0.00,0.00,0.0,0.0,0.00,0.00
16700000,0.00,0.00,0.0,0.0,0.00,0.00
16704000,0.00,0.00,0.0,0.0,0.00,0.00
16717000,0.00,0.00,0.0,0.0,0.00,0.00
16720000,0.00,0.00,0.0,0.0,0.00,0.00
16720300,0.00,0.00,0.0,0.0,0.00,0.00
16725000,0.00,0.00,0.0,0.0,0.00,0.00
16756100,0.00,0.00,0.0,0.0,0.00,0.00
16757000,0.00,0.00,0.0,0.0,0.00,0.00
16758000,0.00,0.00,0.0,0.0,0.00,0.00
16759000,0.00,0.00,0.0,0.0,0.00,0.00
16759800,0.00,0.00,0.0,0.0,0.00,0.00
16764000,0.00,0.00,0.0,0.0,0.00,0.00
16770500,0.00,0.00,0.0,0.0,0.00,0.00
50010500,0.00,0.00,0.0,0.0,0.00,0.00
50014800,0.00,0.00,0.0,0.0,0.00,0.00
50021700,3.00,3.19,72.5,59.8,2.00,2.13
50024950,4.00,2.15,37.9,30.8,3.00,1.61
50025155,0.00,0.00,0.0,0.0,0.00,0.00
50026025,1.00,1.02,689.6,441.3,1.00,1.02
50026200,1.00,0.76,515.9,330.2,1.00,0.76
50027000,0.00,0.00,0.0,0.0,0.00,0.00
50028000,0.00,0.00,0.0,0.0,0.00,0.00
50028400,0.00,0.00,0.0,0.0,0.00,0.00
50029000,6.00,1.01,208.1,124.0,5.00,0.84
50031200,0.00,0.00,0.0,0.0,0.00,0.00
50034000,0.00,0.00,0.0,0.0,0.00,0.00
50035000,2.00,0.58,17.2,14.0,2.00,0.58
50038100,2.00,0.47,13.9,11.3,2.00,0.47
50038320,0.00,0.00,0.0,0.0,0.00,0.00
50039500,0.00,0.00,0.0,0.0,0.00,0.00
50043000,1.00,0.61,112.5,67.5,1.00,0.61
50043800,1.00,0.33,60.8,36.5,1.00,0.33
50044810,0.00,0.00,0.0,0.0,0.00,0.00
50045010,4.00,0.86,118.9,62.6,3.00,0.64
50046000,4.00,0.74,103.0,54.3,3.00,0.56
50047535,0.00,0.00,0.0,0.0,0.00,0.00
50047560,1.00,4.68,623.9,306.2,1.00,4.68
50047850,1.00,0.93,123.3,60.5,1.00,0.93
50048690,0.00,0.00,0.0,0.0,0.00,0.00
50048770,1.00,5.12,90.0,70.7,1.00,5.12
50049100,1.00,2.50,44.0,34.6,1.00,2.50
50050900,0.00,0.00,0.0,0.0,0.00,0.00
50051310,0.00,0.00,0.0,0.0,0.00,0.00
50051800,0.00,0.00,0.0,0.0,0.00,0.00
50053025,0.00,0.00,0.0,0.0,0.00,0.00
50055000,0.00,0.00,0.0,0.0,0.00,0.00
50055380,0.00,0.00,0.0,0.0,0.00,0.00
50055750,0.00,0.00,0.0,0.0,0.00,0.00
50056400,0.00,0.00,0.0,0.0,0.00,0.00
50057000,0.00,0.00,0.0,0.0,0.00,0.00
50058350,0.00,0.00,0.0,0.0,0.00,0.00
50059050,1.00,0.18,37.1,22.3,1.00,0.18
50059210,0.00,0.00,0.0,0.0,0.00,0.00
50061800,0.00,0.00,0.0,0.0,0.00,0.00
50063440,0.00,0.00,0.0,0.0,0.00,0.00
50063800,0.00,0.00,0.0,0.0,0.00,0.00
50064200,0.00,0.00,0.0,0.0,0.00,0.00
50065500,0.00,0.00,0.0,0.0,0.00,0.00
50067000,0.00,0.00,0.0,0.0,0.00,0.00
50070900,0.00,0.00,0.0,0.0,0.00,0.00
50071000,0.00,0.00,0.0,0.0,0.00,0.00
50075000,0.00,0.00,0.0,0.0,0.00,0.00
50076000,0.00,0.00,0.0,0.0,0.00,0.00
50081000,0.00,0.00,0.0,0.0,0.00,0.00
50085100,0.00,0.00,0.0,0.0,0.00,0.00
50090500,0.00,0.00,0.0,0.0,0.00,0.00
50092000,0.00,0.00,0.0,0.0,0.00,0.00
50093120,1.00,1.50,254.4,203.4,1.00,1.50
50100200,0.00,0.00,0.0,0.0,0.00,0.00
50100450,0.00,0.00,0.0,0.0,0.00,0.00
50106100,0.00,0.00,0.0,0.0,0.00,0.00
50108000,0.00,0.00,0.0,0.0,0.00,0.00
50110900,0.00,0.00,0.0,0.0,0.00,0.00
50111500,2.00,1.50,571.3,560.6,2.00,1.50
50112500,0.00,0.00,0.0,0.0,0.00,0.00
50113800,0.00,0.00,0.0,0.0,0.00,0.00
50114000,1.00,2.17,1569.9,823.9,1.00,2.17
50114900,0.00,0.00,0.0,0.0,0.00,0.00
50115000,0.00,0.00,0.0,0.0,0.00,0.00
50115900,0.00,0.00,0.0,0.0,0.00,0.00
50124200,0.00,0.00,0.0,0.0,0.00,0.00
50126150,1.00,1.20,260.7,171.5,1.00,1.20
50131990,0.00,0.00,0.0,0.0,0.00,0.00
50136400,0.00,0.00,0.0,0.0,0.00,0.00
50138000,0.00,0.00,0.0,0.0,0.00,0.00
50141000,0.00,0.00,0.0,0.0,0.00,0.00
50144000,3.00,0.86,58.2,43.6,3.00,0.86
50145395,0.00,0.00,0.0,0.0,0.00,0.00
50147800,0.00,0.00,0.0,0.0,0.00,0.00
50148890,0.00,0.00,0.0,0.0,0.00,0.00
