STAID,PDEN_LANDSCAN_2007_DAY,PDEN_LANDSCAN_2007_NIGHT
15012000,0.00,0.00
15019990,0.00,0.00
15022000,0.00,0.00
15026000,0.00,0.00
15048000,0.00,0.36
15050000,0.00,0.56
15051010,1.30,3.37
15052000,0.23,0.00
15055500,0.00,0.00
15056210,0.00,0.02
15072000,0.00,0.00
15081497,0.00,0.00
15085100,0.00,0.00
15087080,0.00,0.00
15087690,0.15,0.00
15088000,0.00,0.00
15101490,0.00,0.00
15106920,0.00,0.00
15106980,0.00,0.00
15108000,0.00,0.00
15109000,0.09,0.00
15129500,0.00,0.00
15129600,1.84,3.25
15200000,0.00,0.01
15200280,0.00,0.00
15202000,0.05,0.05
15208000,0.28,0.00
15215990,0.00,0.00
15216000,0.00,0.00
15226000,0.00,0.00
15236900,0.00,0.00
15237730,0.00,0.00
15238600,0.00,0.00
15238820,0.00,0.45
15239000,0.00,0.00
15239050,0.00,0.00
15239060,0.00,0.00
15241600,1.27,0.34
15242000,0.00,0.09
15248000,0.03,0.14
15258000,0.10,0.19
15261000,0.00,0.00
15266110,0.06,0.12
15266300,0.29,0.74
15271000,0.00,0.02
15272380,0.00,0.00
15273045,6.56,52.76
15274000,0.13,1.27
15276000,0.00,0.00
15282000,0.00,0.00
15283700,0.00,0.65
15284000,0.63,0.58
15290000,0.00,0.00
15291000,0.00,0.00
15291200,0.00,0.00
15292000,0.00,0.00
15292700,0.00,0.00
15294005,0.19,0.23
15294300,0.00,0.00
15296000,0.00,0.00
15297200,0.00,0.00
15297610,0.00,0.00
15300250,0.00,0.00
15300300,0.01,0.01
15302000,0.00,0.00
15302200,0.00,0.00
15302250,0.00,0.00
15477740,0.00,0.00
15478040,0.00,0.00
15484000,0.00,0.01
15493000,0.00,0.00
15511000,0.00,0.02
15515060,0.00,0.00
15515080,0.00,0.00
15516000,0.00,0.00
15518000,0.05,0.04
15564879,0.00,0.00
15564900,0.00,0.00
15743850,0.14,0.00
15747000,0.00,0.00
15803000,0.06,0.01
15820000,0.00,0.00
15860000,0.00,0.00
15861000,0.00,0.00
15896000,0.00,0.00
15904800,0.00,0.00
15908000,0.00,0.00
16010000,0.00,0.00
16013000,0.00,0.00
16019000,0.00,0.00
16031000,0.14,0.10
16036000,0.01,0.03
16049000,0.00,0.00
16060000,0.00,0.00
16063000,0.00,0.00
16068000,0.00,0.00
16071000,5.88,24.45
16071500,0.00,0.00
16080000,3.18,9.67
16089000,0.00,0.00
16097500,0.00,0.00
16103000,0.00,0.00
16108000,0.00,0.00
16200000,0.00,0.00
16208000,0.00,0.00
16211000,0.00,0.00
16211600,0.00,0.00
16212601,204.71,116.49
16212800,0.00,0.00
16213000,321.95,505.61
16216000,120.71,206.68
16224500,184.75,543.13
16226000,8.56,0.00
16226200,8.81,0.00
16226400,192.26,41.58
16228000,0.00,0.00
16229000,10.75,37.18
16229300,678.76,1303.54
16232000,8.39,31.46
16238500,5.43,4.74
16240500,0.33,0.98
16242500,584.49,781.98
16244000,58.53,117.74
16246000,29.02,91.65
16247000,676.70,1187.28
16254000,5.20,13.25
16272200,63.95,88.91
16275000,4.17,1.56
16283200,30.22,77.12
16284000,0.00,0.00
16284200,0.00,0.00
16294100,16.40,13.58
16294900,0.34,0.34
16295300,1.67,2.53
16296500,0.00,0.00
16303000,0.00,0.00
16304200,0.00,0.00
16325000,0.37,1.38
16330000,0.66,2.64
16345000,0.09,0.27
16400000,0.00,0.00
16404200,0.00,0.00
16405500,0.00,0.00
16408000,0.00,0.00
16414000,0.06,0.00
16414200,0.93,0.26
16415000,0.00,0.00
16415600,0.00,0.00
16419500,0.35,1.43
16501000,0.00,0.00
16501200,0.00,0.00
16508000,0.00,0.00
16518000,0.00,0.00
16521300,0.00,0.16
16545000,0.00,0.00
16570000,0.00,0.00
16585000,0.00,0.00
16587000,0.00,0.00
16604500,0.00,0.00
16614000,0.00,0.00
16618000,0.00,0.00
16620000,0.00,0.00
16638500,20.77,55.93
16681000,0.00,0.00
16682000,0.00,0.00
16700000,0.00,0.00
16704000,0.00,0.00
16717000,0.00,0.00
16720000,0.00,0.00
16720300,0.00,0.00
16725000,0.00,0.00
16756100,0.00,0.00
16757000,0.00,0.00
16758000,0.00,0.00
16759000,0.00,0.00
16759800,0.00,0.00
16764000,0.00,0.00
16770500,0.42,0.83
50010500,ND,364.48
50014800,ND,175.31
50021700,ND,140.42
50024950,ND,187.25
50025155,ND,59.86
50026025,ND,160.23
50026200,ND,141.55
50027000,ND,76.04
50028000,ND,93.50
50028400,ND,79.11
50029000,ND,129.31
50031200,ND,240.24
50034000,ND,96.58
50035000,ND,151.67
50038100,ND,171.32
50038320,ND,498.22
50039500,ND,464.31
50043000,ND,358.55
50043800,ND,359.63
50044810,ND,448.39
50045010,ND,365.20
50046000,ND,481.68
50047535,ND,425.89
50047560,ND,612.83
50047850,ND,422.08
50048690,ND,432.82
50048770,ND,1180.17
50049100,ND,2459.29
50050900,ND,116.74
50051310,ND,111.64
50051800,ND,225.30
50053025,ND,199.97
50055000,ND,449.88
50055380,ND,1047.81
50055750,ND,324.64
50056400,ND,470.59
50057000,ND,475.17
50058350,ND,402.72
50059050,ND,583.86
50059210,ND,617.55
50061800,ND,181.36
50063440,ND,0.00
50063800,ND,83.46
50064200,ND,100.58
50065500,ND,0.36
50067000,ND,31.73
50070900,ND,31.02
50071000,ND,67.74
50075000,ND,2.15
50076000,ND,46.86
50081000,ND,440.91
50085100,ND,206.63
50090500,ND,57.57
50092000,ND,48.38
50093120,ND,57.56
50100200,ND,165.56
50100450,ND,69.16
50106100,ND,141.63
50108000,ND,122.16
50110900,ND,72.53
50111500,ND,309.07
50112500,ND,60.44
50113800,ND,42.63
50114000,ND,40.33
50114900,ND,49.35
50115000,ND,49.41
50115900,ND,444.72
50124200,ND,121.26
50126150,ND,96.32
50131990,ND,333.50
50136400,ND,107.14
50138000,ND,299.41
50141000,ND,82.05
50144000,ND,79.86
50145395,ND,86.27
50147800,ND,293.43
50148890,ND,347.47
