STAID,BASIN_BOUNDARY_CONFIDENCE,DRAIN_SQKM,NWIS_DRAIN_SQKM,PCT_DIFF_NWIS,HUC10_CHECK
15012000,10,40.0,40.1,0.4,good
15019990,10,37.5,38.1,1.6,good
15022000,8,172.8,174.6,1.0,reasonable
15026000,9,59.6,59.6,-0.1,ncb
15048000,8,11.0,11.8,6.9,good
15050000,9,24.7,25.3,2.5,good
15051010,10,25.1,25.1,-0.1,good
15052000,10,32.0,31.9,-0.4,good
15055500,10,67.8,67.3,-0.7,good
15056210,9,472.3,463.6,-1.9,reasonable
15072000,7,91.2,83.1,-9.7,reasonable
15081497,9,132.5,131.1,-1.1,reasonable
15085100,9,15.3,15.3,0.0,ncb
15087080,10,8.4,8.4,0.1,good
15087690,8,27.5,26.2,-5.1,good
15088000,10,100.0,101.0,1.0,good
15101490,9,22.3,22.3,0.2,reasonable
15106920,10,26.7,26.4,-0.9,good
15106980,9,37.8,37.6,-0.6,reasonable
15108000,9,60.8,62.9,3.3,good
15109000,7,33.6,35.2,4.6,reasonable
15129500,8,93.1,93.2,0.1,reasonable
15129600,6,6.1,6.5,5.1,poor
15200000,9,1616.4,1605.8,-0.7,reasonable
15200280,7,4314.5,4584.3,5.9,reasonable
15202000,9,6840.0,6915.3,1.1,reasonable
15208000,8,1094.0,1087.8,-0.6,reasonable
15215990,9,1.9,1.9,1.7,ncb
15216000,10,53.8,53.1,-1.4,good
15226000,10,50.0,51.0,2.0,good
15236900,10,25.1,24.6,-1.9,good
15237730,8,15.6,16.1,3.4,reasonable
15238600,9,23.8,24.0,0.7,reasonable
15238820,10,53.2,53.6,0.7,good
15239000,6,139.9,145.3,3.7,poor
15239050,10,23.7,24.0,1.1,good
15239060,9,66.9,64.2,-4.2,good
15241600,7,338.6,349.7,3.2,reasonable
15242000,8,1846.5,1911.4,3.4,reasonable
15248000,9,475.7,468.8,-1.5,reasonable
15258000,8,1669.7,1642.1,-1.7,reasonable
15261000,7,118.2,125.9,6.1,reasonable
15266110,8,3255.3,3123.5,-4.2,reasonable
15266300,8,5192.1,5053.1,-2.8,reasonable
15271000,10,604.8,606.1,0.2,good
15272380,8,363.3,365.2,0.5,reasonable
15273045,10,34.6,34.4,-0.3,good
15274000,8,70.7,75.6,6.4,good
15276000,10,234.0,231.8,-0.9,good
15282000,9,750.2,748.5,-0.2,reasonable
15283700,7,128.6,122.5,-5.0,reasonable
15284000,9,5345.4,5361.3,0.3,reasonable
15290000,10,162.2,160.3,-1.2,good
15291000,7,2386.5,2460.5,3.0,reasonable
15291200,9,722.5,725.2,0.4,reasonable
15292000,9,15838.5,15954.4,0.7,reasonable
15292700,9,5219.0,5169.6,-1.0,reasonable
15294005,10,430.0,429.9,0.0,good
15294300,9,5810.7,5827.5,0.3,reasonable
15296000,9,323.8,318.6,-1.6,reasonable
15297200,9,12.6,12.3,-2.4,good
15297610,9,77.8,80.0,2.7,good
15300250,10,224.3,224.3,0.0,good
15300300,10,330.4,331.5,0.4,good
15302000,8,3951.4,3859.1,-2.4,reasonable
15302200,10,179.1,179.0,-0.1,good
15302250,10,273.7,273.6,0.0,good
15477740,10,1752.6,1753.4,0.0,good
15478040,8,29.9,31.6,5.3,good
15484000,8,5737.3,5620.3,-2.1,good
15493000,10,2419.0,2426.8,0.3,good
15511000,8,886.7,963.5,8.0,good
15515060,9,40.2,39.4,-2.2,good
15515080,7,16.9,15.0,-12.7,good
15516000,9,1875.4,1838.9,-2.0,reasonable
15518000,9,4904.2,4946.9,0.9,reasonable
15564879,5,230.2,190.1,-21.1,reasonable
15564900,10,47642.6,47656.0,0.0,good
15743850,10,28.6,28.5,-0.3,good
15747000,9,1847.9,1826.0,-1.2,reasonable
15803000,9,4630.5,4618.0,-0.3,reasonable
15820000,10,4394.7,4395.2,0.0,good
15860000,9,2041.4,2038.3,-0.2,reasonable
15861000,9,1656.0,1655.0,-0.1,reasonable
15896000,7,8654.5,8106.7,-6.8,reasonable
15904800,7,105.3,126.1,16.5,good
15908000,9,4821.9,4817.4,-0.1,reasonable
16010000,9,9.9,9.9,-0.1,reasonable
16013000,10,4.5,4.5,-0.1,good
16019000,10,5.4,5.4,-0.1,good
16031000,10,149.3,149.3,-0.1,good
16036000,10,67.8,67.8,-0.1,good
16049000,10,47.8,47.8,0.0,good
16060000,10,61.5,61.5,-0.1,good
16063000,10,13.8,13.8,-0.1,good
16068000,10,16.2,16.2,0.4,good
16071000,10,43.3,43.3,0.0,good
16071500,9,1.9,1.9,0.0,ncb
16080000,10,9.8,9.8,0.1,good
16089000,10,14.1,14.1,-0.1,good
16097500,10,3.1,3.1,-0.3,good
16103000,9,48.0,47.9,-0.1,good
16108000,10,27.1,27.1,0.0,good
16200000,10,3.6,3.6,0.3,good
16208000,10,10.6,10.6,-0.1,good
16211000,10,4.7,4.6,-1.6,good
16211600,10,5.9,5.9,-0.1,good
16212601,9,17.4,17.4,-0.1,reasonable
16212800,10,11.1,11.1,-0.1,good
16213000,10,117.0,116.9,0.0,good
16216000,10,65.3,65.2,0.0,good
16224500,10,6.7,6.7,-0.1,good
16226000,10,8.9,8.9,0.0,good
16226200,10,10.4,10.4,0.0,good
16226400,10,12.0,12.1,1.2,good
16228000,9,7.0,7.0,0.0,reasonable
16229000,10,6.6,6.6,-0.1,good
16229300,10,13.5,13.5,-0.1,good
16232000,10,8.7,8.7,0.0,good
16238500,10,2.9,2.9,-0.1,good
16240500,10,2.7,2.7,0.4,good
16242500,7,13.1,15.5,15.5,good
16244000,10,3.0,3.0,0.2,good
16246000,10,2.7,2.7,0.1,good
16247000,9,9.6,9.4,-2.6,good
16254000,10,5.3,5.3,-0.2,good
16272200,10,9.9,9.9,-0.4,good
16275000,9,2.6,2.6,0.3,reasonable
16283200,10,2.1,2.1,0.5,good
16284000,10,2.5,2.5,0.2,good
16284200,10,2.5,2.5,0.1,good
16294100,10,9.9,9.7,-1.6,good
16294900,10,5.8,5.8,0.0,good
16295300,9,2.2,2.2,0.2,ncb
16296500,10,9.7,9.7,-0.1,good
16303000,9,7.2,7.2,0.1,reasonable
16304200,10,2.8,2.8,0.0,good
16325000,10,8.2,8.2,0.1,good
16330000,10,25.4,25.4,0.0,good
16345000,10,7.8,7.8,0.1,good
16400000,10,12.1,12.1,0.0,good
16404200,9,1.2,1.2,-1.0,ncb
16405500,9,5.3,5.3,-0.1,reasonable
16408000,9,9.8,9.8,0.0,reasonable
16414000,9,17.1,17.1,0.1,reasonable
16414200,8,18.9,18.3,-3.6,reasonable
16415000,10,1.1,1.1,-0.1,good
16415600,10,13.7,13.7,0.4,good
16419500,9,2.6,2.6,-0.3,reasonable
16501000,9,17.7,17.7,0.2,reasonable
16501200,9,22.1,22.1,0.1,reasonable
16508000,10,9.3,9.3,0.3,good
16518000,10,9.4,9.4,0.2,good
16521300,6,5.4,4.8,-12.7,ncb
16545000,9,5.7,5.7,0.2,ncb
16570000,10,9.5,9.6,0.1,good
16585000,9,3.5,3.5,-0.2,ncb
16587000,9,1.5,1.5,0.5,ncb
16604500,10,15.9,15.9,0.1,good
16614000,10,11.0,11.1,0.1,good
16618000,10,8.8,8.8,0.0,good
16620000,9,10.8,10.8,0.1,good
16638500,10,13.0,13.0,0.2,good
16681000,9,2.8,2.8,0.1,ncb
16682000,8,3.2,3.1,-2.6,ncb
16700000,9,49.3,49.4,0.3,ncb
16704000,8,569.1,570.7,0.3,poor
16717000,9,31.1,31.2,0.3,reasonable
16720000,10,4.0,4.0,0.4,good
16720300,9,1.1,1.1,-0.5,ncb
16725000,10,2.2,2.1,-0.1,good
16756100,9,6.4,6.4,0.3,reasonable
16757000,5,2.3,2.0,-15.6,poor
16758000,8,3.6,3.6,0.0,poor
16759000,9,1.2,1.2,1.1,reasonable
16759800,9,2.7,2.7,-0.1,ncb
16764000,9,4.3,4.4,0.2,ncb
16770500,9,4.3,4.3,0.3,ncb
50010500,8,7.8,8.2,5.1,good
50014800,6,75.0,-9999.0,-9999.0,good
50021700,10,94.1,93.2,-0.9,good
50024950,8,185.8,169.9,-9.3,good
50025155,10,24.0,24.0,-0.3,good
50026025,10,98.3,98.4,0.1,good
50026200,10,131.4,131.6,0.1,good
50027000,9,81.8,86.0,4.9,good
50028000,9,46.5,47.7,2.4,good
50028400,10,58.4,57.5,-1.5,good
50029000,7,592.9,518.0,-14.5,good
50031200,10,143.0,143.0,0.0,good
50034000,10,43.4,43.3,-0.3,good
50035000,9,346.5,331.5,-4.5,good
50038100,7,429.2,510.2,15.9,good
50038320,10,39.3,39.1,-0.4,good
50039500,7,226.9,256.7,11.6,good
50043000,7,163.5,141.9,-15.2,good
50043800,8,302.5,281.0,-7.7,good
50044810,10,21.1,20.9,-1.3,good
50045010,9,467.6,448.1,-4.4,good
50046000,10,539.8,538.7,-0.2,good
50047535,9,1.2,1.2,-4.7,good
50047560,10,21.3,21.5,0.9,good
50047850,10,108.0,108.3,0.3,good
50048690,9,2.9,2.8,-4.0,good
50048770,10,19.5,19.4,-0.6,good
50049100,10,40.0,39.4,-1.5,good
50050900,10,15.6,15.5,-0.1,good
50051310,10,26.6,26.4,-0.6,good
50051800,10,106.7,106.4,-0.2,good
50053025,10,18.5,18.5,0.1,good
50055000,10,232.3,232.6,0.1,good
50055380,9,12.6,12.3,-2.5,good
50055750,10,57.4,57.8,0.6,good
50056400,10,42.6,42.5,-0.2,good
50057000,10,155.5,155.9,0.3,good
50058350,10,19.5,19.5,-0.2,good
50059050,10,541.5,541.3,0.0,good
50059210,9,33.8,33.4,-1.0,ncb
50061800,9,26.5,25.5,-4.0,good
50063440,9,2.6,2.6,-0.9,ncb
50063800,10,22.4,22.3,-0.4,good
50064200,10,19.0,18.9,-0.4,good
50065500,10,17.6,17.8,1.2,good
50067000,10,10.1,10.3,1.4,good
50070900,9,23.8,24.5,2.9,good
50071000,10,38.4,38.6,0.4,good
50075000,10,3.3,3.3,0.4,good
50076000,10,31.8,31.9,0.2,good
50081000,10,17.1,17.2,0.8,good
50085100,10,68.5,68.9,0.6,good
50090500,10,13.7,13.9,1.5,good
50092000,10,47.6,47.4,-0.4,good
50093120,10,66.9,66.5,-0.6,good
50100200,10,25.9,25.7,-0.6,good
50100450,10,42.5,43.3,1.7,good
50106100,10,112.8,112.7,-0.2,good
50108000,10,33.3,33.4,0.3,good
50110900,10,36.9,36.8,-0.3,good
50111500,9,133.4,129.0,-3.4,good
50112500,10,25.1,25.1,0.1,good
50113800,10,30.7,30.8,0.3,good
50114000,10,46.1,46.1,-0.1,good
50114900,10,18.7,18.8,0.5,good
50115000,10,22.8,22.8,0.0,good
50115900,10,48.0,48.2,0.4,good
50124200,9,48.7,49.0,0.5,good
50126150,7,83.2,70.4,-18.1,good
50131990,9,91.8,89.6,-2.5,good
50136400,9,45.6,47.4,3.8,good
50138000,10,310.6,310.8,0.1,good
50141000,10,39.3,39.9,1.4,good
50144000,5,347.3,244.2,-42.2,good
50145395,10,19.3,19.2,-0.6,good
50147800,10,182.7,184.4,0.9,good
50148890,10,245.5,245.0,-0.2,good
